1500	GGGGG	17264	34528	143.0	7.0	143.0	7.0	1.00000	0.0008081	0.0011419	19.5002326
1501	GGGGA	17264	34528	155.0	6.0	154.0	6.0	1.00649	0.0008833	0.0017711	26.5435846
1502	GGGAT	17264	34528	159.0	8.0	160.0	9.0	0.99375	0.0014296	0.0028669	42.9650242
1503	GGATT	17264	34528	94.0	6.0	101.0	7.0	0.93069	0.0018060	0.0042824	60.8841515
1504	GATTG	17264	34528	85.0	4.0	81.0	4.0	1.04938	0.0035622	0.0038143	73.7656231
1505	ATTGG	17264	34528	117.0	6.0	113.0	5.0	1.03540	0.0028305	0.0042486	70.7902345
1506	TTGGG	17264	34528	140.0	7.0	135.0	6.0	1.03704	0.0025241	0.0033156	58.3971865
1507	TGGGA	17264	34528	151.0	6.0	154.0	6.0	0.98052	0.0024744	0.0041193	65.9371456
1508	GGGAT	17264	34528	150.0	9.0	151.0	10.0	0.99338	0.0024786	0.0046093	70.8791168
1509	GGATA	17264	34528	92.0	7.0	89.0	11.0	1.03371	0.0072247	0.0044879	117.1263444
1510	GATAT	17212	34424	84.0	5.0	80.0	7.0	1.05000	0.0056592	0.0044947	101.5390842
1511	ATATG	17212	34424	72.0	6.0	73.0	4.0	0.98630	0.0126131	0.0062703	188.8339411
1512	TATGC	17212	34424	84.0	5.0	83.0	5.0	1.01205	0.0097212	0.0046769	143.9806449
1513	ATGCA	17212	34424	121.0	9.0	115.0	9.0	1.05217	0.0043052	0.0035322	78.3742588
1514	TGCAT	17212	34424	86.0	4.0	85.0	4.0	1.01176	0.0016991	0.0035037	52.0282210
1515	GCATT	17212	34424	84.0	4.0	88.0	5.0	0.95455	0.0019354	0.0028984	48.3387360
1516	CATTT	17212	34424	79.0	3.0	77.0	3.0	1.02597	0.0014043	0.0014588	28.6318117
1517	ATTTC	17212	34424	76.0	4.0	74.0	3.0	1.02703	0.0016691	0.0005110	21.8011378
1518	TTTCT	17212	34424	75.0	4.0	73.0	3.0	1.02740	0.0018385	0.0000427	18.8116771
1519	TTCTT	17212	34424	76.0	4.0	73.0	4.0	1.04110	0.0022848	0.0005076	27.9242461
1520	TCTTA	17196	34392	85.0	4.0	85.0	4.0	1.00000	0.0065091	0.0007365	72.4560384
1521	CTTAG	17196	34392	121.0	5.0	118.0	5.0	1.02542	0.0040038	0.0024365	64.4027340
1522	TTAGA	17196	34392	145.0	7.0	144.0	6.0	1.00694	0.0028051	0.0025602	53.6536909
1523	TAGAC	17196	34392	147.0	7.0	153.0	7.0	0.96078	0.0034875	0.0039828	74.7028206
1524	AGACC	17196	34392	68.0	5.0	73.0	5.0	0.93151	0.0097855	0.0036658	134.5121976
1525	GACCT	17196	34392	61.0	4.0	60.0	3.0	1.01667	0.0090428	0.0065532	155.9597265
1526	ACCTG	17196	34392	95.0	4.0	90.0	4.0	1.05556	0.0028919	0.0040393	69.3124542
1527	CCTGC	17196	34392	110.0	8.0	112.0	4.0	0.98214	0.0029290	0.0017959	47.2495211
1528	CTGCT	17196	34392	123.0	5.0	125.0	6.0	0.98400	0.0038981	0.0026613	65.5938857
1529	TGCTA	17196	34392	88.0	4.0	86.0	3.0	1.02326	0.0052222	0.0016547	68.7688746
1530	GCTAT	17063	34126	102.0	5.0	106.0	5.0	0.96226	0.0034312	0.0019229	53.5412855
1531	CTATT	17063	34126	96.0	4.0	96.0	5.0	1.00000	0.0041225	0.0026039	67.2636199
1532	TATTA	17063	34126	91.0	4.0	88.0	3.0	1.03409	0.0061952	0.0039698	101.6498270
1533	ATTAT	17063	34126	107.0	6.0	108.0	5.0	0.99074	0.0055740	0.0042689	98.4291721
1534	TTATA	17063	34126	88.0	5.0	99.0	12.0	0.88889	0.0066273	0.0047226	113.4986274
1535	TATAC	17063	34126	78.0	6.0	77.0	4.0	1.01299	0.0048047	0.0031640	79.6873812
1536	ATACG	17063	34126	69.0	4.0	71.0	4.0	0.97183	0.0069301	0.0035449	104.7500507
1537	TACGC	17063	34126	76.0	4.0	75.0	4.0	1.01333	0.0023664	0.0013650	37.3138227
1538	ACGCG	17063	34126	94.0	9.0	92.0	8.0	1.02174	0.0016105	0.0009424	25.5291134
1539	CGCGT	17063	34126	96.0	7.0	93.0	7.0	1.03226	0.0053484	0.0007200	60.6841626
1540	GCGTA	16956	33912	111.0	11.0	106.0	8.0	1.04717	0.0042545	0.0008754	51.2988478
1541	CGTAT	16956	33912	99.0	5.0	99.0	5.0	1.00000	0.0061988	0.0015489	77.4772604
1542	GTATA	16956	33912	100.0	6.0	100.0	6.0	1.00000	0.0093603	0.0026423	120.0255068
1543	TATAA	16956	33912	87.0	7.0	91.0	4.0	0.95604	0.0098474	0.0024229	122.7025005
1544	ATAAA	16956	33912	111.0	6.0	115.0	4.0	0.96522	0.0097548	0.0035760	133.3081718
1545	TAAAC	16956	33912	109.0	7.0	109.0	5.0	1.00000	0.0081425	0.0036106	117.5308223
1546	AAACG	16956	33912	69.0	5.0	67.0	5.0	1.02985	0.0064659	0.0039447	104.1059697
1547	AACGC	16956	33912	88.0	13.0	93.0	16.0	0.94624	0.0045199	0.0020223	65.4227004
1548	ACGCC	16956	33912	107.0	11.0	103.0	9.0	1.03883	0.0034720	0.0016982	51.7014506
1549	CGCCC	16956	33912	56.0	4.0	54.0	3.0	1.03704	0.0040083	0.0020446	60.5289713
1550	GCCCG	16928	33856	77.0	4.0	74.0	4.0	1.04054	0.0024506	0.0016864	41.3697352
1551	CCCGT	16928	33856	99.0	6.0	97.0	5.0	1.02062	0.0027674	0.0012938	40.6122063
1552	CCGTC	16928	33856	106.0	7.0	102.0	7.0	1.03922	0.0026228	0.0019171	45.3981477
1553	CGTCG	16928	33856	83.0	8.0	80.0	6.0	1.03750	0.0042295	0.0017850	60.1448239
1554	GTCGA	16928	33856	102.0	8.0	101.0	5.0	1.00990	0.0033029	0.0024691	57.7202340
1555	TCGAG	16928	33856	126.0	6.0	127.0	5.0	0.99213	0.0033234	0.0019324	52.5586301
1556	CGAGG	16928	33856	132.0	9.0	131.0	8.0	1.00763	0.0027485	0.0017963	45.4487093
1557	GAGGT	16928	33856	145.0	11.0	143.0	9.0	1.01399	0.0024312	0.0013552	37.8636559
1558	AGGTC	16928	33856	142.0	11.0	140.0	9.0	1.01429	0.0025550	0.0007552	33.1016655
1559	GGTCG	16928	33856	78.0	4.0	76.0	4.0	1.02632	0.0018904	0.0011285	30.1886634
1560	GTCGC	16910	33820	86.0	6.0	86.0	5.0	1.00000	0.0015213	0.0012736	27.9488310
1561	TCGCG	16910	33820	94.0	6.0	94.0	7.0	1.00000	0.0008847	0.0011055	19.9019148
1562	CGCGT	16910	33820	94.0	6.0	91.0	5.0	1.03297	0.0017421	0.0011298	28.7196979
1563	GCGTT	16910	33820	106.0	7.0	104.0	7.0	1.01923	0.0025908	0.0008770	34.6778112
1564	CGTTA	16910	33820	87.0	5.0	83.0	4.0	1.04819	0.0028726	0.0005662	34.3873426
1565	GTTAC	16910	33820	84.0	4.0	83.0	3.0	1.01205	0.0036770	0.0003542	40.3121320
1566	TTACT	16910	33820	92.0	4.0	91.0	3.0	1.01099	0.0040414	0.0002183	42.5971804
1567	TACTA	16910	33820	91.0	5.0	88.0	3.0	1.03409	0.0049296	0.0014216	63.5121439
1568	ACTAA	16910	33820	108.0	6.0	107.0	4.0	1.00935	0.0055665	0.0035156	90.8202101
1569	CTAAT	16910	33820	114.0	7.0	120.0	5.0	0.95000	0.0070811	0.0072924	143.7349956
1570	TAATG	16902	33804	93.0	7.0	88.0	6.0	1.05682	0.0072498	0.0071041	143.5392271
1571	AATGG	16902	33804	118.0	7.0	111.0	6.0	1.06306	0.0109378	0.0098853	208.2307005
1572	ATGGT	16902	33804	138.0	12.0	137.0	7.0	1.00730	0.0057715	0.0044578	102.2928131
1573	TGGTG	16902	33804	100.0	9.0	97.0	11.0	1.03093	0.0072015	0.0064992	137.0069375
1574	GGTGA	16902	33804	116.0	9.0	115.0	6.0	1.00870	0.0060612	0.0064788	125.4001915
1575	GTGAA	16902	33804	132.0	9.0	132.0	10.0	1.00000	0.0042404	0.0046680	89.0836524
1576	TGAAG	16902	33804	124.0	9.0	117.0	9.0	1.05983	0.0063614	0.0076822	140.4356867
1577	GAAGT	16902	33804	141.0	10.0	134.0	8.0	1.05224	0.0065232	0.0071167	136.3995923
1578	AAGTG	16902	33804	116.0	12.0	110.0	12.0	1.05455	0.0051060	0.0062650	113.7094536
1579	AGTGA	16902	33804	128.0	7.0	124.0	6.0	1.03226	0.0042614	0.0052616	95.2300573
1580	GTGAT	16860	33720	136.0	9.0	136.0	9.0	1.00000	0.0036802	0.0044582	81.3843261
1581	TGATA	16860	33720	93.0	9.0	100.0	11.0	0.93000	0.0026596	0.0035929	62.5247778
1582	GATAC	16860	33720	74.0	7.0	69.0	7.0	1.07246	0.0053188	0.0030826	84.0138180
1583	ATACC	16860	33720	71.0	4.0	71.0	5.0	1.00000	0.0054586	0.0023146	77.7318355
1584	TACCA	16860	33720	67.0	4.0	65.0	3.0	1.03077	0.0027673	0.0010062	37.7345332
1585	ACCAC	16860	33720	66.0	4.0	65.0	4.0	1.01538	0.0034639	0.0008440	43.0789906
1586	CCACA	16860	33720	73.0	4.0	72.0	4.0	1.01389	0.0042934	0.0005313	48.2467564
1587	CACAC	16860	33720	66.0	6.0	67.0	3.0	0.98507	0.0069058	0.0016227	85.2848507
1588	ACACA	16860	33720	73.0	6.0	73.0	5.0	1.00000	0.0063471	0.0017453	80.9244020
1589	CACAC	16860	33720	63.0	6.0	65.0	4.0	0.96923	0.0087552	0.0027840	115.3927237
1590	ACACC	16831	33662	65.0	5.0	64.0	4.0	1.01562	0.0071279	0.0021378	92.6570300
1591	CACCT	16831	33662	58.0	5.0	63.0	5.0	0.92063	0.0050758	0.0025047	75.8057401
1592	ACCTA	16831	33662	81.0	4.0	83.0	3.0	0.97590	0.0044453	0.0020551	65.0046375
1593	CCTAA	16831	33662	94.0	4.0	96.0	4.0	0.97917	0.0028978	0.0022575	51.5526259
1594	CTAAC	16831	33662	91.0	6.0	92.0	6.0	0.98913	0.0026966	0.0013820	40.7867763
1595	TAACG	16831	33662	76.0	8.0	73.0	7.0	1.04110	0.0024707	0.0017841	42.5476064
1596	AACGT	16831	33662	91.0	9.0	92.0	13.0	0.98913	0.0021203	0.0014156	35.3589442
1597	ACGTC	16831	33662	101.0	14.0	99.0	12.0	1.02020	0.0020543	0.0011241	31.7842124
1598	CGTCC	16831	33662	55.0	3.0	55.0	3.0	1.00000	0.0032101	0.0030870	62.9717414
1599	GTCCA	16831	33662	63.0	4.0	66.0	4.0	0.95455	0.0038375	0.0023948	62.3230341
1600	TCCAG	16823	33646	100.0	5.0	95.0	4.0	1.05263	0.0038982	0.0021882	60.8637544
1601	CCAGC	16823	33646	127.0	4.0	124.0	4.0	1.02419	0.0076173	0.0045748	121.9202097
1602	CAGCA	16823	33646	128.0	5.0	124.0	5.0	1.03226	0.0054657	0.0033358	88.0149058
1603	AGCAG	16823	33646	116.0	10.0	107.0	7.0	1.08411	0.0044428	0.0026129	70.5576398
1604	GCAGT	16823	33646	163.0	10.0	153.0	7.0	1.06536	0.0043014	0.0037963	80.9766980
1605	CAGTA	16823	33646	147.0	17.0	141.0	13.0	1.04255	0.0046683	0.0042500	89.1833528
1606	AGTAT	16823	33646	101.0	4.0	101.0	4.0	1.00000	0.0050742	0.0044145	94.8871662
1607	GTATT	16823	33646	90.0	6.0	93.0	5.0	0.96774	0.0045800	0.0025284	71.0834830
1608	TATTT	16823	33646	77.0	4.0	73.0	3.0	1.05479	0.0061043	0.0030398	91.4405164
1609	ATTTA	16823	33646	86.0	5.0	88.0	5.0	0.97727	0.0055233	0.0026641	81.8736819
1610	TTTAG	16815	33630	126.0	6.0	122.0	5.0	1.03279	0.0051114	0.0020752	71.8657029
1611	TTAGA	16815	33630	155.0	8.0	155.0	8.0	1.00000	0.0029245	0.0020051	49.2964542
1612	TAGAT	16815	33630	146.0	12.0	149.0	13.0	0.97987	0.0036906	0.0025505	62.4115512
1613	AGATA	16815	33630	92.0	8.0	91.0	9.0	1.01099	0.0065782	0.0021954	87.7362413
1614	GATAC	16815	33630	73.0	5.0	68.0	4.0	1.07353	0.0101567	0.0044069	145.6356988
1615	ATACA	16815	33630	76.0	6.0	79.0	4.0	0.96203	0.0115810	0.0057804	173.6138629
1616	TACAA	16815	33630	82.0	11.0	84.0	7.0	0.97619	0.0146133	0.0069676	215.8088739
1617	ACAAG	16815	33630	145.0	9.0	138.0	6.0	1.05072	0.0110145	0.0069339	179.4843548
1618	CAAGA	16815	33630	160.0	10.0	163.0	7.0	0.98160	0.0065799	0.0064772	130.5709281
1619	AAGAT	16815	33630	160.0	14.0	168.0	9.0	0.95238	0.0058866	0.0046662	105.5274943
1620	AGATA	16794	33588	101.0	6.0	100.0	7.0	1.01000	0.0093242	0.0090880	184.1223347
1621	GATAT	16794	33588	92.0	5.0	89.0	3.0	1.03371	0.0070110	0.0087265	157.3753505
1622	ATATT	16794	33588	89.0	6.0	104.0	7.0	0.85577	0.0055287	0.0072594	127.8808344
1623	TATTT	16794	33588	81.0	4.0	79.0	3.0	1.02532	0.0044028	0.0075240	119.2681167
1624	ATTTG	16794	33588	92.0	4.0	89.0	4.0	1.03371	0.0050830	0.0050374	101.2040400
1625	TTTGA	16794	33588	121.0	6.0	123.0	5.0	0.98374	0.0033257	0.0034599	67.8560404
1626	TTGAG	16794	33588	144.0	9.0	136.0	8.0	1.05882	0.0059389	0.0055120	114.5096592
1627	TGAGA	16794	33588	152.0	6.0	161.0	7.0	0.94410	0.0070413	0.0056720	127.1332938
1628	GAGAA	16794	33588	148.0	8.0	161.0	9.0	0.91925	0.0078366	0.0058024	136.3894960
1629	AGAAC	16794	33588	113.0	6.0	113.0	6.0	1.00000	0.0080118	0.0047287	127.4054174
1630	GAACT	16705	33410	98.0	5.0	100.0	5.0	0.98000	0.0063755	0.0028823	92.5779738
1631	AACTC	16705	33410	85.0	5.0	86.0	4.0	0.98837	0.0032679	0.0007642	40.3202205
1632	ACTCA	16705	33410	82.0	5.0	83.0	4.0	0.98795	0.0021288	0.0006109	27.3974269
1633	CTCAT	16705	33410	86.0	4.0	85.0	4.0	1.01176	0.0019989	0.0003340	23.3285111
1634	TCATT	16705	33410	92.0	4.0	94.0	4.0	0.97872	0.0024955	0.0007492	32.4470913
1635	CATTA	16705	33410	87.0	4.0	86.0	3.0	1.01163	0.0029677	0.0007410	37.0871879
1636	ATTAA	16705	33410	97.0	5.0	100.0	4.0	0.97000	0.0040671	0.0007664	48.3354169
1637	TTAAC	16705	33410	104.0	6.0	105.0	4.0	0.99048	0.0049421	0.0009043	58.4640791
1638	TAACT	16705	33410	90.0	4.0	95.0	4.0	0.94737	0.0051796	0.0008298	60.0936974
1639	AACTC	16705	33410	79.0	6.0	80.0	4.0	0.98750	0.0040750	0.0011234	51.9836469
1640	ACTCC	16663	33326	67.0	3.0	65.0	3.0	1.03077	0.0029505	0.0011302	40.8067910
1641	CTCCT	16663	33326	67.0	3.0	64.0	3.0	1.04688	0.0016505	0.0004299	20.8033081
1642	TCCTC	16663	33326	68.0	3.0	66.0	3.0	1.03030	0.0052021	0.0003886	55.9073387
1643	CCTCT	16663	33326	75.0	5.0	75.0	4.0	1.00000	0.0020631	0.0007729	28.3594772
1644	CTCTG	16663	33326	89.0	4.0	89.0	4.0	1.00000	0.0020866	0.0005594	26.4595763
1645	TCTGG	16663	33326	121.0	6.0	119.0	5.0	1.01681	0.0021730	0.0003851	25.5811331
1646	CTGGT	16663	33326	138.0	6.0	136.0	6.0	1.01471	0.0032899	0.0014520	47.4190078
1647	TGGTC	16663	33326	128.0	10.0	129.0	10.0	0.99225	0.0058367	0.0054379	112.7463468
1648	GGTCA	16663	33326	58.0	5.0	65.0	4.0	0.89231	0.0084334	0.0091606	175.9392232
1649	GTCAG	16663	33326	91.0	10.0	87.0	6.0	1.04598	0.0112682	0.0088080	200.7621680
1650	TCAGG	16656	33312	102.0	11.0	96.0	9.0	1.06250	0.0080983	0.0062524	143.5073067
1651	CAGGG	16656	33312	142.0	7.0	137.0	7.0	1.03650	0.0041537	0.0034505	76.0415377
1652	AGGGA	16656	33312	149.0	7.0	150.0	6.0	0.99333	0.0028998	0.0021223	50.2210900
1653	GGGAT	16656	33312	145.0	12.0	146.0	12.0	0.99315	0.0021740	0.0015483	37.2225753
1654	GGATG	16656	33312	64.0	6.0	65.0	5.0	0.98462	0.0027426	0.0014519	41.9454922
1655	GATGC	16656	33312	80.0	6.0	80.0	6.0	1.00000	0.0034112	0.0017724	51.8364416
1656	ATGCT	16656	33312	119.0	8.0	113.0	7.0	1.05310	0.0027617	0.0012041	39.6577213
1657	TGCTT	16656	33312	72.0	4.0	69.0	3.0	1.04348	0.0024107	0.0009156	33.2621579
1658	GCTTC	16656	33312	70.0	4.0	66.0	3.0	1.06061	0.0023452	0.0004261	27.7134114
1659	CTTCC	16656	33312	68.0	4.0	65.0	3.0	1.04615	0.0021174	-0.0005364	15.8094215
1660	TTCCA	16559	33118	68.0	4.0	66.0	3.0	1.03030	0.0023733	-0.0003983	19.7500937
1661	TCCAC	16559	33118	74.0	6.0	72.0	4.0	1.02778	0.0027993	0.0002817	30.8102777
1662	CCACT	16559	33118	84.0	4.0	84.0	3.0	1.00000	0.0034428	0.0004755	39.1829147
1663	CACTG	16559	33118	95.0	6.0	92.0	5.0	1.03261	0.0063689	0.0016348	80.0372629
1664	ACTGG	16559	33118	131.0	4.0	129.0	3.0	1.01550	0.0036229	0.0026343	62.5720409
1665	CTGGA	16559	33118	140.0	6.0	143.0	6.0	0.97902	0.0027668	0.0030005	57.6731241
1666	TGGAC	16559	33118	138.0	8.0	146.0	8.0	0.94521	0.0024294	0.0032028	56.3221583
1667	GGACT	16559	33118	92.0	4.0	92.0	4.0	1.00000	0.0031254	0.0021251	52.5048887
1668	GACTC	16559	33118	81.0	4.0	81.0	3.0	1.00000	0.0051094	0.0017077	68.1718711
1669	ACTCT	16559	33118	76.0	4.0	78.0	4.0	0.97436	0.0076745	0.0012024	88.7697908
1670	CTCTA	16387	32774	84.0	6.0	82.0	3.0	1.02439	0.0146378	0.0029299	175.6770663
1671	TCTAA	16387	32774	96.0	6.0	100.0	4.0	0.96000	0.0108328	0.0056522	164.8500953
1672	CTAAG	16387	32774	131.0	5.0	126.0	5.0	1.03968	0.0101714	0.0087192	188.9060768
1673	TAAGA	16387	32774	156.0	6.0	155.0	6.0	1.00645	0.0077009	0.0058231	135.2402245
1674	AAGAC	16387	32774	157.0	7.0	162.0	6.0	0.96914	0.0051590	0.0046037	97.6266773
1675	AGACT	16387	32774	99.0	4.0	98.0	4.0	1.01020	0.0037413	0.0026326	63.7382017
1676	GACTG	16387	32774	97.0	4.0	92.0	4.0	1.05435	0.0030202	0.0035517	65.7193048
1677	ACTGT	16387	32774	129.0	4.0	124.0	4.0	1.04032	0.0022922	0.0030100	53.0225960
1678	CTGTT	16387	32774	134.0	9.0	131.0	9.0	1.02290	0.0026090	0.0019950	46.0399642
1679	TGTTT	16387	32774	82.0	5.0	79.0	4.0	1.03797	0.0022978	0.0014455	37.4333771
1680	GTTTG	16373	32746	98.0	6.0	96.0	5.0	1.02083	0.0023747	0.0013821	37.5673675
1681	TTTGA	16373	32746	128.0	5.0	128.0	5.0	1.00000	0.0066448	0.0045125	111.5724968
1682	TTGAT	16373	32746	144.0	10.0	148.0	11.0	0.97297	0.0086180	0.0064024	150.2035931
1683	TGATC	16373	32746	86.0	6.0	95.0	6.0	0.90526	0.0158017	0.0069468	227.4845849
1684	GATCA	16373	32746	73.0	6.0	75.0	4.0	0.97333	0.0254629	0.0163723	418.3520972
1685	ATCAA	16373	32746	85.0	16.0	84.0	4.0	1.01190	0.0238525	0.0117089	355.6133276
1686	TCAAG	16373	32746	126.0	7.0	125.0	5.0	1.00800	0.0140674	0.0078478	219.1519995
1687	CAAGG	16373	32746	143.0	9.0	136.0	8.0	1.05147	0.0120525	0.0087686	208.2118965
1688	AAGGT	16373	32746	141.0	10.0	135.0	7.0	1.04444	0.0043071	0.0032787	75.8577570
1689	AGGTG	16373	32746	105.0	14.0	101.0	12.0	1.03960	0.0023673	0.0017189	40.8620160
1690	GGTGG	16344	32688	114.0	7.0	111.0	6.0	1.02703	0.0023946	0.0013520	37.4666186
1691	GTGGC	16344	32688	119.0	7.0	116.0	7.0	1.02586	0.0031153	0.0008286	39.4389518
1692	TGGCC	16344	32688	124.0	6.0	121.0	6.0	1.02479	0.0028368	0.0008271	36.6398128
1693	GGCCT	16344	32688	64.0	4.0	63.0	4.0	1.01587	0.0042039	0.0017338	59.3762834
1694	GCCTA	16344	32688	84.0	4.0	84.0	3.0	1.00000	0.0042359	0.0018317	60.6764154
1695	CCTAT	16344	32688	104.0	5.0	108.0	5.0	0.96296	0.0036637	0.0013585	50.2214220
1696	CTATA	16344	32688	97.0	5.0	101.0	4.0	0.96040	0.0043686	0.0018808	62.4936031
1697	TATAG	16344	32688	107.0	6.0	105.0	4.0	1.01905	0.0069439	0.0030738	100.1777393
1698	ATAGT	16344	32688	148.0	8.0	147.0	9.0	1.00680	0.0095966	0.0045489	141.4553850
1699	TAGTT	16344	32688	129.0	10.0	144.0	14.0	0.89583	0.0115700	0.0053627	169.3267457
1700	AGTTA	16336	32672	82.0	4.0	79.0	3.0	1.03797	0.0089379	0.0051005	140.3841185
1701	GTTAC	16336	32672	74.0	4.0	76.0	4.0	0.97368	0.0063001	0.0040784	103.7854642
1702	TTACG	16336	32672	74.0	4.0	76.0	4.0	0.97368	0.0033876	0.0054399	88.2757778
1703	TACGA	16336	32672	90.0	5.0	94.0	6.0	0.95745	0.0022564	0.0048054	70.6174259
1704	ACGAA	16336	32672	124.0	4.0	132.0	6.0	0.93939	0.0012412	0.0063605	76.0172183
1705	CGAAT	16336	32672	125.0	4.0	129.0	4.0	0.96899	0.0039702	0.0078903	118.6040423
1706	GAATA	16336	32672	115.0	8.0	112.0	8.0	1.02679	0.0061444	0.0081236	142.6800662
1707	AATAG	16336	32672	108.0	7.0	102.0	5.0	1.05882	0.0065235	0.0047937	113.1725430
1708	ATAGC	16336	32672	127.0	10.0	130.0	4.0	0.97692	0.0085466	0.0036140	121.6067409
1709	TAGCT	16336	32672	144.0	7.0	141.0	5.0	1.02128	0.0094797	0.0032856	127.6534211
1710	AGCTC	16334	32668	86.0	6.0	76.0	6.0	1.13158	0.0082629	0.0034354	116.9831175
1711	GCTCT	16334	32668	80.0	5.0	77.0	4.0	1.03896	0.0057065	0.0024988	82.0532720
1712	CTCTG	16334	32668	87.0	4.0	86.0	4.0	1.01163	0.0047344	0.0036313	83.6576138
1713	TCTGT	16334	32668	119.0	6.0	117.0	6.0	1.01709	0.0080319	0.0045307	125.6252653
1714	CTGTA	16334	32668	129.0	10.0	125.0	6.0	1.03200	0.0193806	0.0095663	289.4690125
1715	TGTAA	16334	32668	84.0	13.0	89.0	5.0	0.94382	0.0258604	0.0093769	352.3725484
1716	GTAAA	16334	32668	118.0	9.0	117.0	5.0	1.00855	0.0236297	0.0104939	341.2360651
1717	TAAAG	16334	32668	133.0	6.0	128.0	7.0	1.03906	0.0108491	0.0072426	180.9174507
1718	AAAGA	16334	32668	155.0	9.0	153.0	8.0	1.01307	0.0070155	0.0057766	127.9211405
1719	AAGAG	16334	32668	163.0	8.0	163.0	10.0	1.00000	0.0028613	0.0030220	58.8323327
1720	AGAGC	16325	32650	137.0	9.0	131.0	5.0	1.04580	0.0040274	0.0030159	70.4332023
1721	GAGCT	16325	32650	145.0	7.0	140.0	6.0	1.03571	0.0055447	0.0033344	88.7911016
1722	AGCTT	16325	32650	83.0	5.0	78.0	5.0	1.06410	0.0038842	0.0022672	61.5147588
1723	GCTTC	16325	32650	79.0	4.0	74.0	3.0	1.06757	0.0034404	0.0040719	75.1235281
1724	CTTCG	16325	32650	82.0	5.0	82.0	4.0	1.00000	0.0041825	0.0033177	75.0016226
1725	TTCGG	16325	32650	117.0	8.0	117.0	10.0	1.00000	0.0057035	0.0033974	91.0093096
1726	TCGGA	16325	32650	129.0	9.0	129.0	8.0	1.00000	0.0036849	0.0019282	56.1311164
1727	CGGAT	16325	32650	148.0	8.0	154.0	7.0	0.96104	0.0045881	0.0026924	72.8048705
1728	GGATG	16325	32650	74.0	10.0	75.0	8.0	0.98667	0.0042439	0.0020296	62.7349303
1729	GATGG	16325	32650	99.0	10.0	99.0	10.0	1.00000	0.0040847	0.0014058	54.9052111
1730	ATGGC	16322	32644	116.0	7.0	114.0	6.0	1.01754	0.0044802	0.0013194	57.9963575
1731	TGGCC	16322	32644	120.0	7.0	118.0	6.0	1.01695	0.0026561	0.0013510	40.0710378
1732	GGCCA	16322	32644	64.0	6.0	67.0	6.0	0.95522	0.0028195	0.0018846	47.0410084
1733	GCCAG	16322	32644	70.0	10.0	73.0	9.0	0.95890	0.0053795	0.0029234	83.0293263
1734	CCAGA	16322	32644	138.0	12.0	132.0	8.0	1.04545	0.0053509	0.0044519	98.0283202
1735	CAGAT	16322	32644	171.0	8.0	172.0	7.0	0.99419	0.0060399	0.0048550	108.9487576
1736	AGATT	16322	32644	89.0	6.0	95.0	8.0	0.93684	0.0095515	0.0043745	139.2602460
1737	GATTT	16322	32644	76.0	5.0	73.0	3.0	1.04110	0.0142752	0.0086372	229.1235774
1738	ATTTA	16322	32644	86.0	8.0	88.0	3.0	0.97727	0.0104474	0.0094287	198.7610558
1739	TTTAT	16322	32644	96.0	5.0	103.0	4.0	0.93204	0.0111293	0.0063130	174.4225490
1740	TTATT	16316	32632	97.0	5.0	95.0	5.0	1.02105	0.0105351	0.0076113	181.4648531
1741	TATTA	16316	32632	80.0	13.0	75.0	4.0	1.06667	0.0071951	0.0067200	139.1517476
1742	ATTAG	16316	32632	107.0	8.0	104.0	6.0	1.02885	0.0086779	0.0055102	141.8804216
1743	TTAGG	16316	32632	127.0	7.0	129.0	7.0	0.98450	0.0082256	0.0071584	153.8403156
1744	TAGGT	16316	32632	148.0	9.0	139.0	7.0	1.06475	0.0077682	0.0053018	130.6995449
1745	AGGTA	16316	32632	135.0	14.0	126.0	15.0	1.07143	0.0067422	0.0066447	133.8692023
1746	GGTAC	16316	32632	75.0	5.0	71.0	3.0	1.05634	0.0073086	0.0059248	132.3341423
1747	GTACA	16316	32632	82.0	6.0	85.0	4.0	0.96471	0.0082552	0.0051181	133.7337081
1748	TACAC	16316	32632	69.0	6.0	66.0	3.0	1.04545	0.0058493	0.0036499	94.9915552
1749	ACACC	16316	32632	71.0	4.0	67.0	4.0	1.05970	0.0041538	0.0024110	65.6477653
1750	CACCA	16312	32624	69.0	3.0	71.0	3.0	0.97183	0.0037454	0.0020463	57.9167758
1751	ACCAT	16312	32624	85.0	4.0	85.0	4.0	1.00000	0.0028477	0.0022086	50.5630509
1752	CCATA	16312	32624	86.0	5.0	84.0	6.0	1.02381	0.0035487	0.0029127	64.6147950
1753	CATAG	16312	32624	113.0	10.0	107.0	6.0	1.05607	0.0053594	0.0036293	89.8871870
1754	ATAGG	16312	32624	129.0	7.0	131.0	9.0	0.98473	0.0096597	0.0063420	160.0169206
1755	TAGGA	16312	32624	136.0	8.0	141.0	6.0	0.96454	0.0104521	0.0072419	176.9405038
1756	AGGAC	16312	32624	132.0	5.0	140.0	7.0	0.94286	0.0088475	0.0053802	142.2774956
1757	GGACC	16312	32624	70.0	5.0	76.0	4.0	0.92105	0.0106878	0.0081751	188.6289315
1758	GACCA	16312	32624	64.0	5.0	67.0	3.0	0.95522	0.0113130	0.0107063	220.1929789
1759	ACCAG	16312	32624	122.0	7.0	113.0	7.0	1.07965	0.0090340	0.0094805	185.1453048
1760	CCAGT	16297	32594	151.0	11.0	143.0	9.0	1.05594	0.0054717	0.0067528	122.2448809
1761	CAGTG	16297	32594	108.0	13.0	99.0	11.0	1.09091	0.0047065	0.0081800	128.8647064
1762	AGTGA	16297	32594	122.0	6.0	123.0	6.0	0.99187	0.0092474	0.0089791	182.2646028
1763	GTGAA	16297	32594	131.0	7.0	136.0	12.0	0.96324	0.0102170	0.0059383	161.5525638
1764	TGAAC	16297	32594	101.0	7.0	102.0	5.0	0.99020	0.0096024	0.0051487	147.5107916
1765	GAACA	16297	32594	90.0	5.0	91.0	4.0	0.98901	0.0112920	0.0036580	149.5008445
1766	AACAT	16297	32594	84.0	6.0	81.0	4.0	1.03704	0.0056761	0.0020789	77.5494610
1767	ACATA	16297	32594	90.0	5.0	90.0	5.0	1.00000	0.0053499	0.0010852	64.3504117
1768	CATAT	16297	32594	87.0	5.0	87.0	5.0	1.00000	0.0026406	0.0020217	46.6234912
1769	ATATA	16297	32594	98.0	9.0	98.0	7.0	1.00000	0.0037751	0.0012531	50.2815532
1770	TATAC	16290	32580	76.0	5.0	70.0	4.0	1.08571	0.0035210	0.0012030	47.2393361
1771	ATACC	16290	32580	74.0	4.0	74.0	3.0	1.00000	0.0028717	0.0015275	43.9918687
1772	TACCG	16290	32580	76.0	4.0	74.0	4.0	1.02703	0.0025779	0.0025098	50.8765286
1773	ACCGC	16290	32580	83.0	6.0	87.0	6.0	0.95402	0.0019791	0.0023876	43.6675854
1774	CCGCG	16290	32580	95.0	6.0	91.0	7.0	1.04396	0.0023630	0.0046859	70.4895907
1775	CGCGA	16290	32580	102.0	6.0	102.0	5.0	1.00000	0.0044641	0.0040929	85.5699491
1776	GCGAC	16290	32580	123.0	8.0	123.0	12.0	1.00000	0.0027293	0.0032471	59.7643848
1777	CGACA	16290	32580	84.0	4.0	81.0	4.0	1.03704	0.0030227	0.0027883	58.1105278
1778	GACAT	16290	32580	77.0	5.0	73.0	3.0	1.05479	0.0036786	0.0035375	72.1605713
1779	ACATC	16290	32580	86.0	4.0	87.0	4.0	0.98851	0.0018071	0.0021560	39.6303423
1780	CATCG	16137	32274	86.0	5.0	83.0	4.0	1.03614	0.0030927	0.0022896	53.8225406
1781	ATCGG	16137	32274	115.0	7.0	110.0	6.0	1.04545	0.0020170	0.0022826	42.9960245
1782	TCGGT	16137	32274	151.0	7.0	147.0	5.0	1.02721	0.0043655	0.0027534	71.1890106
1783	CGGTA	16137	32274	133.0	15.0	132.0	15.0	1.00758	0.0107765	0.0051058	158.8232254
1784	GGTAA	16137	32274	84.0	8.0	92.0	5.0	0.91304	0.0159199	0.0066766	225.9649875
1785	GTAAG	16137	32274	117.0	7.0	122.0	6.0	0.95902	0.0186845	0.0085081	271.9260775
1786	TAAGT	16137	32274	143.0	10.0	139.0	8.0	1.02878	0.0130055	0.0073278	203.3325720
1787	AAGTG	16137	32274	109.0	17.0	108.0	15.0	1.00926	0.0071530	0.0047905	119.4351919
1788	AGTGT	16137	32274	106.0	11.0	103.0	7.0	1.02913	0.0055100	0.0044891	99.9918005
1789	GTGTA	16137	32274	139.0	15.0	133.0	11.0	1.04511	0.0071048	0.0042535	113.5827090
1790	TGTAA	16005	32010	97.0	7.0	98.0	5.0	0.98980	0.0073893	0.0044373	118.2656640
1791	GTAAT	16005	32010	120.0	8.0	122.0	7.0	0.98361	0.0066457	0.0045105	111.5619270
1792	TAATG	16005	32010	83.0	7.0	80.0	5.0	1.03750	0.0043791	0.0043048	86.8396453
1793	AATGC	16005	32010	86.0	6.0	80.0	5.0	1.07500	0.0071279	0.0037603	108.8816526
1794	ATGCC	16005	32010	118.0	11.0	117.0	10.0	1.00855	0.0032458	0.0024373	56.8305515
1795	TGCCA	16005	32010	71.0	6.0	70.0	5.0	1.01429	0.0039953	0.0011483	51.4354813
1796	GCCAC	16005	32010	68.0	5.0	68.0	4.0	1.00000	0.0042556	0.0012645	55.2008150
1797	CCACG	16005	32010	77.0	4.0	73.0	3.0	1.05479	0.0045126	0.0011838	56.9641915
1798	CACGA	16005	32010	95.0	8.0	92.0	6.0	1.03261	0.0073062	0.0038013	111.0755590
1799	ACGAT	16005	32010	135.0	9.0	134.0	8.0	1.00746	0.0071644	0.0047979	119.6228969
1800	CGATC	15969	31938	91.0	10.0	103.0	10.0	0.88350	0.0068416	0.0039629	108.0445352
1801	GATCT	15969	31938	75.0	5.0	75.0	4.0	1.00000	0.0121270	0.0073672	194.9427990
1802	ATCTA	15969	31938	81.0	8.0	81.0	5.0	1.00000	0.0126991	0.0069450	196.4411260
1803	TCTAG	15969	31938	110.0	9.0	106.0	6.0	1.03774	0.0093352	0.0039806	133.1578088
1804	CTAGG	15969	31938	132.0	10.0	135.0	7.0	0.97778	0.0076715	0.0035495	112.2103236
1805	TAGGG	15969	31938	146.0	8.0	141.0	7.0	1.03546	0.0051437	0.0024233	75.6695056
1806	AGGGT	15969	31938	140.0	10.0	137.0	8.0	1.02190	0.0050928	0.0019083	70.0115772
1807	GGGTG	15969	31938	96.0	15.0	92.0	13.0	1.04348	0.0032479	0.0015280	47.7591379
1808	GGTGT	15969	31938	91.0	8.0	87.0	6.0	1.04598	0.0033695	0.0021654	55.3498828
1809	GTGTG	15969	31938	103.0	9.0	103.0	7.0	1.00000	0.0018421	0.0019082	37.5029198
1810	TGTGA	15927	31854	115.0	8.0	113.0	7.0	1.01770	0.0027715	0.0032391	60.1056939
1811	GTGAG	15927	31854	139.0	8.0	133.0	10.0	1.04511	0.0036168	0.0038102	74.2695883
1812	TGAGC	15927	31854	140.0	10.0	131.0	8.0	1.06870	0.0037066	0.0053910	90.9756489
1813	GAGCG	15927	31854	131.0	15.0	129.0	12.0	1.01550	0.0033581	0.0047686	81.2675295
1814	AGCGC	15927	31854	83.0	6.0	79.0	5.0	1.05063	0.0042780	0.0030555	73.3351027
1815	GCGCC	15927	31854	113.0	10.0	110.0	8.0	1.02727	0.0081591	0.0014737	96.3277575
1816	CGCCT	15927	31854	63.0	4.0	64.0	3.0	0.98438	0.0081445	0.0041587	123.0328857
1817	GCCTA	15927	31854	75.0	5.0	80.0	4.0	0.93750	0.0100277	0.0050552	150.8287230
1818	CCTAG	15927	31854	114.0	7.0	110.0	5.0	1.03636	0.0070199	0.0043681	113.8805361
1819	CTAGG	15927	31854	131.0	9.0	132.0	9.0	0.99242	0.0081729	0.0064861	146.5904883
1820	TAGGT	15891	31782	147.0	10.0	141.0	8.0	1.04255	0.0033649	0.0023960	57.6085405
1821	AGGTG	15891	31782	97.0	11.0	92.0	8.0	1.05435	0.0044955	0.0018426	63.3810417
1822	GGTGC	15891	31782	102.0	7.0	97.0	5.0	1.05155	0.0037850	0.0014810	52.6595837
1823	GTGCT	15891	31782	129.0	6.0	127.0	6.0	1.01575	0.0027760	0.0010705	38.4649442
1824	TGCTT	15891	31782	77.0	4.0	74.0	3.0	1.04054	0.0032262	0.0009548	41.8098812
1825	GCTTT	15891	31782	71.0	5.0	69.0	4.0	1.02899	0.0033543	0.0009469	43.0117759
1826	CTTTC	15891	31782	71.0	4.0	70.0	4.0	1.01429	0.0044594	0.0012506	57.0998964
1827	TTTCA	15891	31782	66.0	5.0	67.0	3.0	0.98507	0.0187771	0.0026042	213.8137870
1828	TTCAC	15891	31782	53.0	8.0	60.0	4.0	0.88333	0.0153497	0.0040836	194.3337301
1829	TCACC	15891	31782	47.0	8.0	60.0	4.0	0.78333	0.0199793	0.0051696	251.4886148
1830	CACCA	15882	31764	47.0	8.0	59.0	4.0	0.79661	0.0278334	0.0068784	347.1184537
1831	ACCAG	15882	31764	114.0	13.0	104.0	8.0	1.09615	0.0191903	0.0069491	261.3940481
1832	CCAGG	15882	31764	118.0	11.0	109.0	8.0	1.08257	0.0062809	0.0049968	112.7772262
1833	CAGGT	15882	31764	143.0	11.0	139.0	7.0	1.02878	0.0056109	0.0036540	92.6489819
1834	AGGTC	15882	31764	132.0	12.0	131.0	11.0	1.00763	0.0043644	0.0034797	78.4408653
1835	GGTCT	15882	31764	78.0	4.0	75.0	4.0	1.04000	0.0032614	0.0023035	55.6489201
1836	GTCTG	15882	31764	86.0	5.0	84.0	4.0	1.02381	0.0021710	0.0018847	40.5568894
1837	TCTGG	15882	31764	122.0	5.0	120.0	5.0	1.01667	0.0013287	0.0016462	29.7481925
1838	CTGGG	15882	31764	132.0	6.0	132.0	7.0	1.00000	0.0001623	0.0021041	22.6645760
1839	TGGGA	15882	31764	139.0	11.0	139.0	11.0	1.00000	-0.0002411	0.0027377	24.9667206
1840	GGGAG	15802	31604	157.0	7.0	155.0	9.0	1.01290	-0.0003319	0.0033448	29.8731461
1841	GGAGA	15802	31604	157.0	8.0	157.0	9.0	1.00000	0.0035102	0.0055282	89.6154378
1842	GAGAG	15802	31604	157.0	10.0	161.0	11.0	0.97516	0.0033822	0.0026847	60.1527197
1843	AGAGC	15802	31604	128.0	5.0	120.0	5.0	1.06667	0.0073845	0.0043204	116.0539796
1844	GAGCC	15802	31604	131.0	6.0	129.0	5.0	1.01550	0.0091441	0.0042973	133.2704019
1845	AGCCT	15802	31604	56.0	6.0	55.0	5.0	1.01818	0.0078992	0.0037270	115.2726975
1846	GCCTG	15802	31604	84.0	4.0	79.0	3.0	1.06329	0.0050574	0.0029563	79.4556180
1847	CCTGC	15802	31604	106.0	6.0	102.0	5.0	1.03922	0.0045330	0.0020657	65.4251935
1848	CTGCC	15802	31604	118.0	8.0	114.0	7.0	1.03509	0.0036711	0.0024351	60.5429284
1849	TGCCC	15802	31604	58.0	4.0	54.0	4.0	1.07407	0.0032241	0.0015766	47.5986125
1850	GCCCT	15781	31562	56.0	3.0	54.0	3.0	1.03704	0.0022251	0.0012396	34.2719589
1851	CCCTT	15781	31562	64.0	4.0	62.0	3.0	1.03226	0.0016092	0.0006217	22.0679631
1852	CCTTC	15781	31562	72.0	4.0	72.0	3.0	1.00000	0.0025523	0.0006720	31.8943920
1853	CTTCG	15781	31562	80.0	4.0	79.0	4.0	1.01266	0.0034915	0.0011852	46.2612459
1854	TTCGT	15781	31562	99.0	5.0	95.0	4.0	1.04211	0.0052797	0.0015180	67.2424689
1855	TCGTA	15781	31562	115.0	11.0	107.0	8.0	1.07477	0.0039561	0.0015500	54.4652397
1856	CGTAG	15781	31562	105.0	7.0	102.0	5.0	1.02941	0.0040962	0.0018195	58.5172064
1857	GTAGT	15781	31562	137.0	9.0	133.0	6.0	1.03008	0.0044072	0.0028489	71.7764868
1858	TAGTC	15781	31562	131.0	13.0	135.0	12.0	0.97037	0.0043077	0.0037949	80.1506163
1859	AGTCA	15781	31562	70.0	6.0	72.0	5.0	0.97222	0.0042225	0.0033190	74.5996632
1860	GTCAG	15732	31464	117.0	10.0	114.0	8.0	1.02632	0.0069005	0.0046157	113.2989674
1861	TCAGA	15732	31464	134.0	11.0	126.0	9.0	1.06349	0.0091246	0.0052510	141.4298260
1862	CAGAA	15732	31464	147.0	8.0	157.0	9.0	0.93631	0.0088017	0.0051509	137.2685234
1863	AGAAC	15732	31464	100.0	7.0	98.0	6.0	1.02041	0.0144667	0.0080029	221.0600626
1864	GAACC	15732	31464	82.0	4.0	88.0	3.0	0.93182	0.0105110	0.0046856	149.5071915
1865	AACCC	15732	31464	63.0	4.0	60.0	3.0	1.05000	0.0069895	0.0029095	97.3887211
1866	ACCCT	15732	31464	61.0	4.0	58.0	3.0	1.05172	0.0040592	0.0027886	67.3705044
1867	CCCTC	15732	31464	65.0	3.0	64.0	3.0	1.01562	0.0021358	0.0017431	38.1613120
1868	CCTCA	15732	31464	78.0	6.0	80.0	5.0	0.97500	0.0029966	0.0019410	48.5771692
1869	CTCAG	15732	31464	122.0	8.0	117.0	9.0	1.04274	0.0034573	0.0023363	56.9984430
1870	TCAGA	15720	31440	130.0	6.0	128.0	5.0	1.01562	0.0062806	0.0033435	94.5569651
1871	CAGAC	15720	31440	153.0	7.0	159.0	6.0	0.96226	0.0071900	0.0051373	121.1169015
1872	AGACT	15720	31440	81.0	5.0	86.0	5.0	0.94186	0.0087117	0.0038191	123.1151990
1873	GACTT	15720	31440	74.0	5.0	72.0	4.0	1.02778	0.0103547	0.0056945	157.6836831
1874	ACTTA	15720	31440	82.0	4.0	84.0	3.0	0.97619	0.0086893	0.0064430	148.6752511
1875	CTTAG	15720	31440	105.0	6.0	102.0	4.0	1.02941	0.0070575	0.0035201	103.9256638
1876	TTAGT	15720	31440	142.0	7.0	136.0	6.0	1.04412	0.0069294	0.0043319	110.6422081
1877	TAGTC	15720	31440	148.0	10.0	145.0	10.0	1.02069	0.0039204	0.0032265	70.2184901
1878	AGTCC	15720	31440	64.0	4.0	61.0	3.0	1.04918	0.0040418	0.0035460	74.5505781
1879	GTCCG	15720	31440	84.0	6.0	81.0	5.0	1.03704	0.0048787	0.0026894	74.3566072
1880	TCCGA	15686	31372	117.0	7.0	111.0	6.0	1.05405	0.0088230	0.0050528	135.8141571
1881	CCGAT	15686	31372	135.0	8.0	133.0	8.0	1.01504	0.0072504	0.0064535	134.1320352
1882	CGATC	15686	31372	90.0	6.0	96.0	7.0	0.93750	0.0052134	0.0043631	93.7328817
1883	GATCG	15686	31372	79.0	5.0	75.0	4.0	1.05333	0.0051631	0.0044681	94.2693286
1884	ATCGC	15686	31372	87.0	5.0	86.0	4.0	1.01163	0.0125774	0.0097712	218.7453378
1885	TCGCC	15686	31372	102.0	8.0	103.0	7.0	0.99029	0.0134336	0.0074999	204.8936154
1886	CGCCA	15686	31372	65.0	9.0	66.0	4.0	0.98485	0.0160500	0.0098829	253.8277210
1887	GCCAA	15686	31372	98.0	13.0	85.0	4.0	1.15294	0.0179290	0.0105444	278.6931784
1888	CCAAG	15686	31372	114.0	7.0	113.0	6.0	1.00885	0.0153811	0.0132952	280.6790661
1889	CAAGT	15686	31372	160.0	12.0	152.0	8.0	1.05263	0.0132467	0.0115010	242.2269295
1890	AAGTA	15586	31172	98.0	14.0	102.0	11.0	0.96078	0.0120313	0.0059736	174.2680331
1891	AGTAA	15586	31172	93.0	7.0	98.0	4.0	0.94898	0.0151214	0.0047521	192.3528978
1892	GTAAA	15586	31172	112.0	5.0	117.0	4.0	0.95726	0.0099922	0.0037701	133.2034834
1893	TAAAC	15586	31172	109.0	6.0	109.0	5.0	1.00000	0.0111061	0.0054909	160.6400666
1894	AAACA	15586	31172	89.0	5.0	90.0	5.0	0.98889	0.0100292	0.0060654	155.7771220
1895	AACAT	15586	31172	88.0	5.0	79.0	4.0	1.11392	0.0060239	0.0055712	112.2269502
1896	ACATG	15586	31172	115.0	10.0	109.0	10.0	1.05505	0.0055278	0.0063114	114.5897844
1897	CATGA	15586	31172	118.0	10.0	115.0	9.0	1.02609	0.0087791	0.0064622	147.5178857
1898	ATGAC	15586	31172	126.0	10.0	131.0	15.0	0.96183	0.0050455	0.0039691	87.2517414
1899	TGACG	15586	31172	63.0	6.0	64.0	4.0	0.98438	0.0108565	0.0105125	206.8272219
1900	GACGT	15558	31116	74.0	6.0	77.0	6.0	0.96104	0.0136610	0.0102857	231.0487164
1901	ACGTA	15558	31116	115.0	11.0	99.0	7.0	1.16162	0.0099488	0.0051274	145.4624640
1902	CGTAG	15558	31116	99.0	6.0	98.0	6.0	1.01020	0.0072225	0.0037801	106.1573051
1903	GTAGC	15558	31116	122.0	5.0	115.0	5.0	1.06087	0.0101317	0.0044076	140.2818997
1904	TAGCC	15558	31116	131.0	6.0	128.0	4.0	1.02344	0.0068851	0.0027689	93.1470638
1905	AGCCC	15558	31116	56.0	8.0	50.0	6.0	1.12000	0.0052557	0.0020751	70.7304287
1906	GCCCC	15558	31116	54.0	5.0	52.0	4.0	1.03846	0.0043596	0.0013667	55.2499151
1907	CCCCG	15558	31116	74.0	4.0	70.0	3.0	1.05714	0.0034288	0.0011526	44.2031689
1908	CCCGC	15558	31116	89.0	5.0	87.0	4.0	1.02299	0.0037734	0.0014746	50.6355399
1909	CCGCC	15558	31116	98.0	7.0	96.0	7.0	1.02083	0.0030792	0.0020756	49.7364849
1910	CGCCG	15537	31074	80.0	7.0	81.0	5.0	0.98765	0.0021374	0.0023715	43.4017104
1911	GCCGA	15537	31074	110.0	7.0	111.0	6.0	0.99099	0.0015659	0.0031188	45.0936616
1912	CCGAA	15537	31074	121.0	6.0	124.0	5.0	0.97581	0.0024938	0.0039128	61.6676297
1913	CGAAA	15537	31074	121.0	5.0	120.0	4.0	1.00833	0.0031174	0.0036405	65.0490313
1914	GAAAC	15537	31074	114.0	7.0	113.0	5.0	1.00885	0.0040680	0.0042807	80.3616207
1915	AAACG	15537	31074	80.0	5.0	77.0	5.0	1.03896	0.0058774	0.0030513	85.9444128
1916	AACGT	15537	31074	84.0	6.0	81.0	5.0	1.03704	0.0047530	0.0026197	70.9667108
1917	ACGTT	15537	31074	107.0	9.0	105.0	7.0	1.01905	0.0031263	0.0017751	47.1788702
1918	CGTTA	15537	31074	88.0	4.0	85.0	3.0	1.03529	0.0032808	0.0016292	47.2619974
1919	GTTAT	15537	31074	102.0	5.0	101.0	4.0	1.00990	0.0026522	0.0007602	32.8460082
1920	TTATA	15498	30996	100.0	6.0	98.0	5.0	1.02041	0.0028476	0.0009278	36.1814778
1921	TATAT	15498	30996	86.0	5.0	85.0	5.0	1.01176	0.0039012	0.0016713	53.4033817
1922	ATATA	15498	30996	97.0	11.0	94.0	7.0	1.03191	0.0043557	0.0018477	59.4488433
1923	TATAG	15498	30996	111.0	12.0	101.0	8.0	1.09901	0.0055698	0.0021825	74.2938697
1924	ATAGG	15498	30996	129.0	10.0	137.0	11.0	0.94161	0.0049908	0.0031119	77.6508744
1925	TAGGC	15498	30996	136.0	10.0	139.0	11.0	0.97842	0.0051339	0.0036608	84.2831704
1926	AGGCT	15498	30996	128.0	4.0	128.0	5.0	1.00000	0.0056142	0.0032571	85.0170581
1927	GGCTA	15498	30996	88.0	6.0	88.0	4.0	1.00000	0.0089222	0.0053325	136.6082136
1928	GCTAG	15498	30996	115.0	9.0	122.0	6.0	0.94262	0.0134343	0.0073631	199.3103280
1929	CTAGA	15498	30996	128.0	10.0	146.0	6.0	0.87671	0.0163019	0.0121644	272.8042030
1930	TAGAA	15493	30986	129.0	8.0	147.0	8.0	0.87755	0.0161836	0.0145152	294.0331195
1931	AGAAG	15493	30986	119.0	11.0	117.0	9.0	1.01709	0.0193506	0.0124198	304.2964903
1932	GAAGT	15493	30986	155.0	14.0	145.0	13.0	1.06897	0.0126082	0.0141529	256.3166449
1933	AAGTA	15493	30986	147.0	18.0	147.0	14.0	1.00000	0.0050007	0.0055349	100.9097365
1934	AGTAT	15493	30986	104.0	6.0	106.0	7.0	0.98113	0.0027828	0.0048585	73.1890321
1935	GTATA	15493	30986	98.0	6.0	99.0	6.0	0.98990	0.0033391	0.0041076	71.3241808
1936	TATAT	15493	30986	88.0	4.0	86.0	4.0	1.02326	0.0047611	0.0052304	95.6989999
1937	ATATG	15493	30986	79.0	10.0	78.0	5.0	1.01282	0.0062551	0.0059905	117.2882550
1938	TATGA	15493	30986	108.0	9.0	102.0	6.0	1.05882	0.0067193	0.0075436	136.6100338
1939	ATGAA	15493	30986	125.0	6.0	128.0	9.0	0.97656	0.0074933	0.0082285	150.5833025
1940	TGAAG	15432	30864	125.0	6.0	124.0	5.0	1.00806	0.0051547	0.0059730	105.8478190
1941	GAAGG	15432	30864	142.0	9.0	140.0	7.0	1.01429	0.0062434	0.0056512	113.1420285
1942	AAGGT	15432	30864	147.0	9.0	147.0	8.0	1.00000	0.0079498	0.0035512	109.3986057
1943	AGGTT	15432	30864	125.0	16.0	129.0	14.0	0.96899	0.0123143	0.0036988	152.3178467
1944	GGTTA	15432	30864	88.0	7.0	88.0	4.0	1.00000	0.0187841	0.0050698	226.8998484
1945	GTTAA	15432	30864	102.0	7.0	97.0	5.0	1.05155	0.0175916	0.0059166	223.6115293
1946	TTAAA	15432	30864	119.0	7.0	117.0	5.0	1.01709	0.0111344	0.0043911	147.6792681
1947	TAAAG	15432	30864	129.0	7.0	128.0	6.0	1.00781	0.0062285	0.0035238	92.7646049
1948	AAAGG	15432	30864	140.0	9.0	137.0	7.0	1.02190	0.0058916	0.0033142	87.5661098
1949	AAGGG	15432	30864	144.0	9.0	141.0	6.0	1.02128	0.0042189	0.0025936	64.8011036
1950	AGGGT	15280	30560	149.0	9.0	142.0	6.0	1.04930	0.0026812	0.0023497	47.0318877
1951	GGGTT	15280	30560	129.0	9.0	125.0	10.0	1.03200	0.0045603	0.0028356	69.1412703
1952	GGTTC	15280	30560	71.0	7.0	66.0	5.0	1.07576	0.0037582	0.0024863	58.3778699
1953	GTTCC	15280	30560	60.0	7.0	57.0	5.0	1.05263	0.0028225	0.0010009	35.7435177
1954	TTCCC	15280	30560	59.0	8.0	57.0	6.0	1.03509	0.0019987	0.0007847	26.0210242
1955	TCCCG	15280	30560	76.0	6.0	76.0	5.0	1.00000	0.0023015	0.0008007	29.0017361
1956	CCCGG	15280	30560	108.0	5.0	105.0	5.0	1.02857	0.0023064	0.0009309	30.2644221
1957	CCGGC	15280	30560	112.0	5.0	109.0	4.0	1.02752	0.0028393	0.0018717	44.0418598
1958	CGGCA	15280	30560	131.0	4.0	128.0	4.0	1.02344	0.0040224	0.0019663	55.9863022
1959	GGCAC	15280	30560	73.0	5.0	69.0	4.0	1.05797	0.0054604	0.0029117	78.2680419
1960	GCACT	15193	30386	85.0	5.0	84.0	4.0	1.01190	0.0050322	0.0021523	66.4977925
1961	CACTG	15193	30386	87.0	4.0	84.0	4.0	1.03571	0.0036094	0.0019091	51.0771578
1962	ACTGC	15193	30386	104.0	6.0	100.0	4.0	1.04000	0.0031012	0.0014288	41.9281079
1963	CTGCC	15193	30386	114.0	9.0	111.0	8.0	1.02703	0.0025013	0.0018386	40.1681325
1964	TGCCG	15193	30386	81.0	6.0	78.0	4.0	1.03846	0.0041477	0.0027134	63.5035010
1965	GCCGA	15193	30386	106.0	8.0	108.0	7.0	0.98148	0.0039063	0.0030072	63.9891519
1966	CCGAG	15193	30386	127.0	5.0	130.0	8.0	0.97692	0.0048967	0.0036238	78.8632460
1967	CGAGT	15193	30386	148.0	8.0	144.0	7.0	1.02778	0.0046344	0.0028378	69.1594092
1968	GAGTC	15193	30386	139.0	12.0	140.0	10.0	0.99286	0.0090848	0.0036232	117.6209905
1969	AGTCA	15193	30386	75.0	6.0	75.0	3.0	1.00000	0.0164648	0.0055377	203.6471373
1970	GTCAA	15177	30354	94.0	8.0	92.0	4.0	1.02174	0.0194049	0.0063042	237.5159288
1971	TCAAT	15177	30354	111.0	8.0	123.0	4.0	0.90244	0.0187655	0.0056445	225.5144322
1972	CAATT	15177	30354	103.0	10.0	106.0	7.0	0.97170	0.0150146	0.0044645	179.9589745
1973	AATTC	15177	30354	73.0	7.0	73.0	4.0	1.00000	0.0125893	0.0033822	147.5543807
1974	ATTCC	15177	30354	67.0	5.0	64.0	3.0	1.04688	0.0037509	0.0011328	45.1185957
1975	TTCCT	15177	30354	66.0	4.0	62.0	3.0	1.06452	0.0020371	0.0004104	22.6117393
1976	TCCTC	15177	30354	67.0	4.0	63.0	3.0	1.06349	0.0028934	0.0001936	28.5192468
1977	CCTCC	15177	30354	68.0	4.0	64.0	4.0	1.06250	0.0017985	0.0006555	22.6712481
1978	CTCCT	15177	30354	68.0	4.0	65.0	3.0	1.04615	0.0026008	0.0013703	36.6874529
1979	TCCTA	15177	30354	83.0	4.0	85.0	4.0	0.97647	0.0028610	0.0020092	44.9937908
1980	CCTAT	15171	30342	105.0	6.0	109.0	5.0	0.96330	0.0034844	0.0031206	60.9787085
1981	CTATT	15171	30342	91.0	5.0	93.0	5.0	0.97849	0.0033510	0.0021022	50.3452946
1982	TATTT	15171	30342	79.0	3.0	76.0	2.0	1.03947	0.0074176	0.0024524	91.1218282
1983	ATTTT	15171	30342	75.0	4.0	75.0	3.0	1.00000	0.0082043	0.0010712	85.6329875
1984	TTTTT	15171	30342	69.0	6.0	74.0	3.0	0.93243	0.0078082	-0.0010497	62.3958587
1985	TTTTC	15171	30342	69.0	5.0	74.0	3.0	0.93243	0.0140764	0.0006682	136.1245976
1986	TTTCA	15171	30342	77.0	6.0	78.0	4.0	0.98718	0.0171745	0.0030364	186.5907860
1987	TTCAA	15171	30342	89.0	13.0	87.0	4.0	1.02299	0.0145168	0.0047235	177.6302569
1988	TCAAG	15171	30342	127.0	6.0	124.0	5.0	1.02419	0.0113928	0.0051076	152.3349216
1989	CAAGA	15171	30342	142.0	8.0	145.0	7.0	0.97931	0.0093095	0.0046669	129.0325201
1990	AAGAG	15151	30302	148.0	14.0	151.0	8.0	0.98013	0.0043950	0.0026370	64.7712541
1991	AGAGG	15151	30302	138.0	12.0	143.0	13.0	0.96503	0.0038482	0.0036426	68.9969404
1992	GAGGC	15151	30302	131.0	7.0	134.0	14.0	0.97761	0.0041895	0.0035633	71.4099942
1993	AGGCT	15151	30302	128.0	5.0	125.0	7.0	1.02400	0.0041985	0.0040363	75.8496938
1994	GGCTG	15151	30302	98.0	13.0	92.0	5.0	1.06522	0.0049744	0.0027606	71.2458217
1995	GCTGA	15151	30302	120.0	8.0	118.0	6.0	1.01695	0.0047872	0.0066225	105.0931593
1996	CTGAA	15151	30302	130.0	9.0	130.0	10.0	1.00000	0.0075746	0.0094468	156.7820279
1997	TGAAG	15151	30302	129.0	10.0	121.0	10.0	1.06612	0.0111038	0.0108345	202.0707081
1998	GAAGA	15151	30302	138.0	7.0	146.0	8.0	0.94521	0.0120383	0.0101679	204.5387875
1999	AAGAC	15151	30302	133.0	8.0	153.0	8.0	0.86928	0.0137459	0.0110150	228.0701759
2000	AGACA	15058	30116	73.0	6.0	75.0	5.0	0.97333	0.0119814	0.0104061	203.9973630
2001	GACAG	15058	30116	89.0	14.0	87.0	9.0	1.02299	0.0102121	0.0085453	170.9206080
2002	ACAGG	15058	30116	113.0	13.0	112.0	16.0	1.00893	0.0114927	0.0084333	181.5681546
2003	CAGGA	15058	30116	136.0	7.0	135.0	7.0	1.00741	0.0235599	0.0120350	324.3456973
2004	AGGAA	15058	30116	132.0	7.0	148.0	6.0	0.89189	0.0199476	0.0142959	312.0318675
2005	GGAAC	15058	30116	105.0	8.0	99.0	7.0	1.06061	0.0243839	0.0127416	338.2926828
2006	GAACC	15058	30116	78.0	6.0	84.0	4.0	0.92857	0.0142118	0.0084866	206.8307595
2007	AACCT	15058	30116	68.0	5.0	64.0	4.0	1.06250	0.0094878	0.0068616	148.9780919
2008	ACCTG	15058	30116	105.0	5.0	98.0	5.0	1.07143	0.0054819	0.0049838	95.3649669
2009	CCTGG	15058	30116	128.0	4.0	124.0	4.0	1.03226	0.0040295	0.0023162	57.8228341
2010	CTGGT	15049	30098	147.0	9.0	144.0	5.0	1.02083	0.0038836	0.0018271	51.9826883
2011	TGGTT	15049	30098	122.0	11.0	116.0	13.0	1.05172	0.0032669	0.0012136	40.7838851
2012	GGTTT	15049	30098	77.0	4.0	74.0	3.0	1.04054	0.0031018	0.0028141	53.8494132
2013	GTTTG	15049	30098	85.0	4.0	82.0	3.0	1.03659	0.0033565	0.0034888	62.3101047
2014	TTTGT	15049	30098	113.0	6.0	110.0	5.0	1.02727	0.0051027	0.0038071	81.1023584
2015	TTGTA	15049	30098	129.0	7.0	124.0	9.0	1.04032	0.0052376	0.0030654	75.5785264
2016	TGTAG	15049	30098	123.0	7.0	117.0	8.0	1.05128	0.0072095	0.0043095	104.8534760
2017	GTAGA	15049	30098	152.0	8.0	154.0	7.0	0.98701	0.0059573	0.0037176	88.0665617
2018	TAGAT	15049	30098	145.0	14.0	157.0	12.0	0.92357	0.0039433	0.0030114	63.3061915
2019	AGATG	15049	30098	86.0	11.0	83.0	7.0	1.03614	0.0048489	0.0036950	77.7714394
2020	GATGG	15019	30038	100.0	8.0	95.0	6.0	1.05263	0.0070925	0.0030619	92.1090295
2021	ATGGT	15019	30038	137.0	6.0	133.0	5.0	1.03008	0.0049482	0.0021849	64.7035647
2022	TGGTC	15019	30038	127.0	11.0	128.0	9.0	0.99219	0.0048166	0.0045084	84.5858504
2023	GGTCG	15019	30038	87.0	6.0	83.0	5.0	1.04819	0.0062077	0.0054077	105.3612060
2024	GTCGA	15019	30038	106.0	7.0	104.0	6.0	1.01923	0.0064364	0.0050511	104.2010921
2025	TCGAC	15019	30038	128.0	7.0	130.0	10.0	0.98462	0.0060242	0.0038097	89.2022721
2026	CGACT	15019	30038	95.0	5.0	93.0	4.0	1.02151	0.0047131	0.0016090	57.3463316
2027	GACTA	15019	30038	88.0	4.0	85.0	3.0	1.03529	0.0049893	0.0027825	70.4971505
2028	ACTAG	15019	30038	113.0	6.0	112.0	4.0	1.00893	0.0047924	0.0014667	56.7755523
2029	CTAGC	15019	30038	124.0	7.0	129.0	5.0	0.96124	0.0062989	0.0017552	73.0576293
2030	TAGCT	14987	29974	141.0	7.0	138.0	5.0	1.02174	0.0047567	0.0020936	61.9061195
2031	AGCTT	14987	29974	84.0	6.0	80.0	5.0	1.05000	0.0053538	0.0012935	60.0716929
2032	GCTTT	14987	29974	82.0	6.0	77.0	4.0	1.06494	0.0033247	0.0004128	33.7761246
2033	CTTTT	14987	29974	77.0	4.0	76.0	2.0	1.01316	0.0043543	0.0009107	47.5797245
2034	TTTTA	14987	29974	85.0	5.0	85.0	4.0	1.00000	0.0072075	0.0018180	81.5640312
2035	TTTAA	14987	29974	100.0	8.0	99.0	4.0	1.01010	0.0055651	0.0012263	61.3738955
2036	TTAAA	14987	29974	116.0	6.0	121.0	4.0	0.95868	0.0073031	0.0025033	88.6210176
2037	TAAAC	14987	29974	119.0	7.0	122.0	5.0	0.97541	0.0073663	0.0034644	97.8775193
2038	AAACT	14987	29974	97.0	6.0	99.0	4.0	0.97980	0.0063220	0.0027478	81.9639391
2039	AACTG	14987	29974	105.0	5.0	101.0	4.0	1.03960	0.0044271	0.0037118	73.5512738
2040	ACTGA	14970	29940	127.0	3.0	129.0	4.0	0.98450	0.0042426	0.0059072	91.5414350
2041	CTGAA	14970	29940	129.0	5.0	134.0	8.0	0.96269	0.0077174	0.0127163	184.2933094
2042	TGAAC	14970	29940	123.0	10.0	110.0	7.0	1.11818	0.0175044	0.0203962	341.8292302
2043	GAACT	14970	29940	92.0	9.0	94.0	5.0	0.97872	0.0302968	0.0189003	443.7142152
2044	AACTA	14970	29940	89.0	8.0	85.0	4.0	1.04706	0.0184692	0.0094526	251.8289229
2045	ACTAC	14970	29940	72.0	4.0	72.0	3.0	1.00000	0.0109788	0.0049850	143.9796428
2046	CTACC	14970	29940	71.0	4.0	71.0	3.0	1.00000	0.0042379	0.0023254	59.1949790
2047	TACCA	14970	29940	63.0	4.0	66.0	3.0	0.95455	0.0050250	0.0022591	65.6968451
2048	ACCAG	14970	29940	112.0	7.0	107.0	5.0	1.04673	0.0051331	0.0020657	64.9262865
2049	CCAGC	14970	29940	130.0	8.0	133.0	5.0	0.97744	0.0077366	0.0038866	104.8310907
2050	CAGCT	14763	29526	137.0	8.0	135.0	6.0	1.01481	0.0151656	0.0063972	189.7935194
2051	AGCTA	14763	29526	76.0	7.0	78.0	4.0	0.97436	0.0160393	0.0067516	200.6031576
2052	GCTAG	14763	29526	116.0	8.0	109.0	6.0	1.06422	0.0133827	0.0089537	196.6031129
2053	CTAGG	14763	29526	127.0	5.0	128.0	8.0	0.99219	0.0107921	0.0074040	160.1600113
2054	TAGGA	14763	29526	131.0	8.0	134.0	7.0	0.97761	0.0076980	0.0054533	115.7565071
2055	AGGAG	14763	29526	135.0	10.0	138.0	8.0	0.97826	0.0079700	0.0040016	105.3731621
2056	GGAGG	14763	29526	131.0	7.0	132.0	8.0	0.99242	0.0083980	0.0048872	116.9345057
2057	GAGGT	14763	29526	142.0	11.0	138.0	9.0	1.02899	0.0064458	0.0037021	89.3205513
2058	AGGTT	18061	36122	124.0	11.0	120.0	13.0	1.03333	0.0040047	0.0012420	52.4670713
2059	GGTTT	18061	36122	75.0	4.0	73.0	3.0	1.02740	0.0028649	0.0012424	41.0721371
2060	GTTTA	18026	36052	83.0	4.0	83.0	3.0	1.00000	0.0034021	0.0012146	46.1670982
2061	TTTAG	18026	36052	104.0	6.0	104.0	5.0	1.00000	0.0035498	0.0011381	46.8787434
2062	TTAGC	18026	36052	125.0	5.0	121.0	5.0	1.03306	0.0044966	0.0014899	59.8657403
2063	TAGCG	18026	36052	124.0	8.0	120.0	8.0	1.03333	0.0048616	0.0021873	70.4894189
2064	AGCGT	18026	36052	90.0	9.0	85.0	6.0	1.05882	0.0049097	0.0019205	68.3016139
2065	GCGTA	18026	36052	126.0	11.0	117.0	12.0	1.07692	0.0056138	0.0018404	74.5423312
2066	CGTAC	18026	36052	79.0	5.0	76.0	4.0	1.03947	0.0046561	0.0021352	67.9138187
2067	GTACG	18026	36052	79.0	6.0	76.0	4.0	1.03947	0.0057090	0.0043651	100.7417129
2068	TACGA	18026	36052	95.0	7.0	91.0	5.0	1.04396	0.0057498	0.0022932	80.4296141
2069	ACGAT	18026	36052	127.0	6.0	130.0	7.0	0.97692	0.0119925	0.0046269	166.1939728
2070	CGATA	17919	35838	82.0	9.0	84.0	5.0	0.97619	0.0196507	0.0042556	239.0630952
2071	GATAA	17919	35838	92.0	13.0	89.0	4.0	1.03371	0.0171882	0.0030962	202.8439757
2072	ATAAA	17919	35838	126.0	5.0	129.0	4.0	0.97674	0.0168182	0.0047881	216.0631848
2073	TAAAT	17919	35838	128.0	4.0	134.0	4.0	0.95522	0.0202698	0.0073752	276.4496192
2074	AAATT	17919	35838	101.0	8.0	107.0	7.0	0.94393	0.0177283	0.0061856	239.1395029
2075	AATTT	17919	35838	89.0	7.0	77.0	3.0	1.15584	0.0176482	0.0057724	234.2056770
2076	ATTTC	17919	35838	85.0	6.0	76.0	3.0	1.11842	0.0145478	0.0061066	206.5438146
2077	TTTCG	17919	35838	91.0	9.0	90.0	4.0	1.01111	0.0136319	0.0043247	179.5659719
2078	TTCGA	17919	35838	116.0	8.0	111.0	5.0	1.04505	0.0134038	0.0066055	200.0922958
2079	TCGAT	17919	35838	132.0	8.0	135.0	8.0	0.97778	0.0071774	0.0066359	138.1332739
2080	CGATT	17859	35718	94.0	6.0	99.0	7.0	0.94949	0.0053120	0.0042546	95.6658118
2081	GATTC	17859	35718	77.0	7.0	72.0	4.0	1.06944	0.0046991	0.0031264	78.2551799
2082	ATTCC	17859	35718	65.0	4.0	61.0	3.0	1.06557	0.0051431	0.0038379	89.8093653
2083	TTCCG	17859	35718	79.0	6.0	77.0	4.0	1.02597	0.0034484	0.0012144	46.6282384
2084	TCCGG	17859	35718	114.0	8.0	108.0	6.0	1.05556	0.0036754	0.0015754	52.5077604
2085	CCGGT	17859	35718	147.0	8.0	145.0	5.0	1.01379	0.0029502	0.0013285	42.7877292
2086	CGGTT	17859	35718	126.0	10.0	124.0	14.0	1.01613	0.0032058	0.0012682	44.7395442
2087	GGTTT	17859	35718	77.0	4.0	74.0	3.0	1.04054	0.0047432	0.0012516	59.9484216
2088	GTTTC	17859	35718	74.0	5.0	72.0	3.0	1.02778	0.0053758	0.0009781	63.5389965
2089	TTTCT	17859	35718	70.0	6.0	71.0	3.0	0.98592	0.0042390	0.0000545	42.9345228
2090	TTCTC	17780	35560	70.0	6.0	72.0	3.0	0.97222	0.0059801	0.0007176	66.9774091
2091	TCTCA	17780	35560	78.0	6.0	75.0	3.0	1.04000	0.0084642	0.0020379	105.0211253
2092	CTCAA	17780	35560	87.0	9.0	89.0	4.0	0.97753	0.0110332	0.0032859	143.1910783
2093	TCAAG	17780	35560	125.0	5.0	127.0	4.0	0.98425	0.0130003	0.0050912	180.9152921
2094	CAAGT	17780	35560	150.0	11.0	149.0	6.0	1.00671	0.0134408	0.0049593	184.0007433
2095	AAGTT	17780	35560	128.0	9.0	132.0	12.0	0.96970	0.0069497	0.0043316	112.8132830
2096	AGTTG	17780	35560	93.0	5.0	88.0	4.0	1.05682	0.0038297	0.0028911	67.2082754
2097	GTTGA	17780	35560	123.0	6.0	120.0	6.0	1.02500	0.0034784	0.0033345	68.1295504
2098	TTGAG	17780	35560	133.0	7.0	133.0	8.0	1.00000	0.0027135	0.0024690	51.8254903
2099	TGAGC	17780	35560	134.0	6.0	131.0	5.0	1.02290	0.0026661	0.0023107	49.7678215
2100	GAGCT	17757	35514	137.0	8.0	136.0	6.0	1.00735	0.0033271	0.0024603	57.8744270
2101	AGCTC	17757	35514	81.0	16.0	76.0	10.0	1.06579	0.0037671	0.0013806	51.4773223
2102	GCTCC	17757	35514	59.0	5.0	56.0	4.0	1.05357	0.0031772	0.0009328	41.1002155
2103	CTCCC	17757	35514	57.0	5.0	52.0	3.0	1.09615	0.0018670	0.0005347	24.0176749
2104	TCCCC	17757	35514	57.0	5.0	52.0	3.0	1.09615	0.0023465	0.0004988	28.4526159
2105	CCCCT	17757	35514	66.0	6.0	63.0	4.0	1.04762	0.0040696	0.0010328	51.0238665
2106	CCCTG	17757	35514	98.0	7.0	100.0	5.0	0.98000	0.0081690	0.0035851	117.5416755
2107	CCTGA	17757	35514	124.0	5.0	127.0	6.0	0.97638	0.0093676	0.0055428	149.1041560
2108	CTGAC	17757	35514	123.0	8.0	129.0	12.0	0.95349	0.0078535	0.0069365	147.8998166
2109	TGACA	17757	35514	83.0	7.0	81.0	5.0	1.02469	0.0111185	0.0085606	196.7915455
2110	GACAG	17743	35486	102.0	12.0	93.0	7.0	1.09677	0.0077403	0.0093319	170.7221808
2111	ACAGT	17743	35486	148.0	12.0	144.0	7.0	1.02778	0.0048177	0.0026982	75.1594572
2112	CAGTG	17743	35486	115.0	11.0	108.0	7.0	1.06481	0.0030434	0.0019962	50.3967134
2113	AGTGG	17743	35486	120.0	6.0	114.0	6.0	1.05263	0.0040014	0.0020394	60.4079621
2114	GTGGT	17743	35486	134.0	7.0	133.0	5.0	1.00752	0.0044539	0.0014028	58.5667203
2115	TGGTG	17743	35486	99.0	24.0	91.0	19.0	1.08791	0.0032606	0.0015376	47.9825914
2116	GGTGC	17743	35486	89.0	8.0	84.0	6.0	1.05952	0.0039441	0.0010736	50.1770257
2117	GTGCC	17743	35486	123.0	7.0	116.0	8.0	1.06034	0.0036047	0.0016694	52.7412585
2118	TGCCT	17743	35486	68.0	8.0	61.0	4.0	1.11475	0.0030603	0.0015176	45.7791003
2119	GCCTC	17743	35486	68.0	5.0	64.0	3.0	1.06250	0.0034741	0.0015418	50.1599165
2120	CCTCG	17737	35474	80.0	5.0	76.0	3.0	1.05263	0.0035713	0.0013005	48.7186840
2121	CTCGG	17737	35474	112.0	10.0	107.0	8.0	1.04673	0.0056320	0.0028885	85.2054278
2122	TCGGG	17737	35474	127.0	5.0	128.0	8.0	0.99219	0.0057895	0.0060060	117.9547987
2123	CGGGA	17737	35474	129.0	5.0	141.0	6.0	0.91489	0.0088504	0.0070647	159.1506781
2124	GGGAC	17737	35474	128.0	4.0	136.0	9.0	0.94118	0.0111208	0.0089700	200.9072585
2125	GGACA	17737	35474	80.0	5.0	80.0	5.0	1.00000	0.0123419	0.0079689	203.1077316
2126	GACAC	17737	35474	70.0	9.0	66.0	4.0	1.06061	0.0097163	0.0075224	172.3870419
2127	ACACA	17737	35474	77.0	7.0	79.0	5.0	0.97468	0.0102746	0.0033903	136.6491690
2128	CACAA	17737	35474	85.0	7.0	85.0	4.0	1.00000	0.0093767	0.0035550	129.3168345
2129	ACAAT	17737	35474	126.0	5.0	132.0	5.0	0.95455	0.0092120	0.0037882	130.0020055
2130	CAATA	17735	35470	105.0	14.0	101.0	9.0	1.03960	0.0067810	0.0016411	84.2205177
2131	AATAC	17735	35470	76.0	8.0	72.0	4.0	1.05556	0.0073591	0.0026384	99.9750589
2132	ATACG	17735	35470	77.0	7.0	75.0	5.0	1.02667	0.0043067	0.0022231	65.2973033
2133	TACGG	17735	35470	95.0	9.0	89.0	6.0	1.06742	0.0035582	0.0015571	51.1530764
2134	ACGGC	17735	35470	105.0	10.0	100.0	8.0	1.05000	0.0048335	0.0025955	74.2893660
2135	CGGCA	17735	35470	128.0	4.0	126.0	4.0	1.01587	0.0079116	0.0043780	122.8959629
2136	GGCAA	17735	35470	89.0	11.0	86.0	5.0	1.03488	0.0111401	0.0055217	166.6182535
2137	GCAAT	17735	35470	123.0	5.0	128.0	4.0	0.96094	0.0158147	0.0068616	226.7626220
2138	CAATC	17735	35470	111.0	13.0	112.0	9.0	0.99107	0.0168966	0.0056491	225.4571657
2139	AATCT	17735	35470	91.0	10.0	78.0	4.0	1.16667	0.0124162	0.0064763	188.9248555
2140	ATCTG	17730	35460	89.0	7.0	85.0	4.0	1.04706	0.0094365	0.0062668	157.0328426
2141	TCTGT	17730	35460	118.0	8.0	111.0	6.0	1.06306	0.0057072	0.0034277	91.3498814
2142	CTGTG	17730	35460	104.0	10.0	94.0	6.0	1.10638	0.0037473	0.0028789	66.2624233
2143	TGTGA	17730	35460	127.0	4.0	124.0	5.0	1.02419	0.0058973	0.0044683	103.6559620
2144	GTGAT	17730	35460	139.0	11.0	149.0	10.0	0.93289	0.0074539	0.0086560	161.0985104
2145	TGATT	17730	35460	96.0	5.0	100.0	5.0	0.96000	0.0087438	0.0079558	166.9957144
2146	GATTA	17730	35460	90.0	6.0	85.0	4.0	1.05882	0.0148102	0.0094638	242.7397069
2147	ATTAC	17730	35460	67.0	8.0	74.0	4.0	0.90541	0.0138793	0.0089640	228.4333724
2148	TTACA	17730	35460	82.0	18.0	77.0	6.0	1.06494	0.0133636	0.0083636	217.2718458
2149	TACAG	17730	35460	91.0	18.0	83.0	8.0	1.09639	0.0110087	0.0075565	185.6518242
2150	ACAGG	17711	35422	107.0	17.0	93.0	10.0	1.15054	0.0083152	0.0044836	127.9878098
2151	CAGGG	17711	35422	132.0	7.0	133.0	7.0	0.99248	0.0061893	0.0030165	92.0580361
2152	AGGGT	17711	35422	133.0	7.0	135.0	7.0	0.98519	0.0052822	0.0020477	73.2990307
2153	GGGTC	17711	35422	128.0	8.0	129.0	9.0	0.99225	0.0060864	0.0015892	76.7559850
2154	GGTCC	17711	35422	61.0	5.0	57.0	3.0	1.07018	0.0053395	0.0017445	70.8399593
2155	GTCCA	17711	35422	70.0	6.0	67.0	3.0	1.04478	0.0079603	0.0042456	122.0584125
2156	TCCAA	17711	35422	83.0	7.0	82.0	4.0	1.01220	0.0056413	0.0030398	86.8113384
2157	CCAAC	17711	35422	90.0	8.0	95.0	4.0	0.94737	0.0064112	0.0047206	111.3185441
2158	CAACA	17711	35422	86.0	8.0	84.0	7.0	1.02381	0.0085682	0.0050496	136.1781008
2159	AACAC	17711	35422	69.0	10.0	62.0	5.0	1.11290	0.0125291	0.0070303	195.5938925
2160	ACACA	17638	35276	81.0	6.0	75.0	3.0	1.08000	0.0141912	0.0083302	225.2135038
2161	CACAG	17638	35276	107.0	12.0	95.0	6.0	1.12632	0.0124149	0.0057587	181.7357814
2162	ACAGC	17638	35276	124.0	7.0	130.0	4.0	0.95385	0.0115263	0.0059830	175.0927563
2163	CAGCA	17638	35276	136.0	7.0	132.0	5.0	1.03030	0.0126169	0.0048222	174.3909658
2164	AGCAA	17638	35276	84.0	8.0	81.0	4.0	1.03704	0.0136821	0.0035871	172.6915211
2165	GCAAC	17638	35276	95.0	9.0	89.0	4.0	1.06742	0.0090831	0.0036796	127.6265983
2166	CAACC	17638	35276	83.0	12.0	79.0	5.0	1.05063	0.0099133	0.0039415	138.5482295
2167	AACCA	17638	35276	69.0	6.0	71.0	4.0	0.97183	0.0064405	0.0035546	99.9509333
2168	ACCAG	17638	35276	73.0	10.0	73.0	7.0	1.00000	0.0074905	0.0050122	125.0263113
2169	CCAGA	17638	35276	128.0	4.0	129.0	5.0	0.99225	0.0061410	0.0056953	118.3639283
2170	CAGAC	17449	34898	131.0	10.0	149.0	7.0	0.87919	0.0082171	0.0057388	139.5590301
2171	AGACA	17449	34898	83.0	7.0	78.0	6.0	1.06410	0.0066135	0.0045619	111.7542969
2172	GACAT	17449	34898	78.0	6.0	73.0	4.0	1.06849	0.0079430	0.0044192	123.6221052
2173	ACATG	17449	34898	79.0	6.0	73.0	4.0	1.08219	0.0038761	0.0029329	68.0901778
2174	CATGC	17449	34898	99.0	8.0	95.0	5.0	1.04211	0.0039247	0.0018948	58.1955547
2175	ATGCT	17449	34898	122.0	7.0	120.0	7.0	1.01667	0.0066878	0.0029839	96.7171614
2176	TGCTA	17449	34898	82.0	8.0	82.0	3.0	1.00000	0.0069003	0.0035923	104.9253701
2177	GCTAG	17449	34898	113.0	10.0	109.0	5.0	1.03670	0.0105861	0.0057359	163.2204895
2178	CTAGT	17449	34898	145.0	15.0	146.0	8.0	0.99315	0.0121953	0.0075405	197.3585300
2179	TAGTA	17449	34898	114.0	17.0	109.0	17.0	1.04587	0.0171957	0.0059591	231.5482000
2180	AGTAA	17332	34664	91.0	12.0	94.0	4.0	0.96809	0.0202299	0.0051302	253.6009854
2181	GTAAG	17332	34664	130.0	5.0	129.0	5.0	1.00775	0.0207965	0.0070289	278.2537392
2182	TAAGA	17332	34664	157.0	15.0	162.0	7.0	0.96914	0.0155673	0.0074508	230.1805495
2183	AAGAT	17332	34664	152.0	21.0	171.0	10.0	0.88889	0.0081641	0.0051422	133.0626472
2184	AGATT	17332	34664	107.0	8.0	110.0	10.0	0.97273	0.0075228	0.0054869	130.0972633
2185	GATTA	17332	34664	99.0	9.0	92.0	3.0	1.07609	0.0079453	0.0061526	140.9789039
2186	ATTAA	17332	34664	106.0	9.0	107.0	4.0	0.99065	0.0065172	0.0042486	107.6577447
2187	TTAAA	17332	34664	126.0	5.0	128.0	4.0	0.98438	0.0089462	0.0055897	145.3594872
2188	TAAAT	17332	34664	129.0	4.0	136.0	6.0	0.94853	0.0074821	0.0043647	118.4676245
2189	AAATA	17332	34664	113.0	11.0	106.0	9.0	1.06604	0.0041327	0.0036902	78.2285961
2190	AATAT	17162	34324	98.0	10.0	92.0	5.0	1.06522	0.0028232	0.0035760	63.9921791
2191	ATATA	17162	34324	104.0	12.0	101.0	7.0	1.02970	0.0020397	0.0037071	57.4681541
2192	TATAT	17162	34324	91.0	10.0	87.0	7.0	1.04598	0.0016661	0.0031530	48.1912064
2193	ATATC	17162	34324	92.0	12.0	91.0	10.0	1.01099	0.0023509	0.0030063	53.5722446
2194	TATCA	17162	34324	85.0	11.0	79.0	5.0	1.07595	0.0020354	0.0028971	49.3247726
2195	ATCAG	17162	34324	123.0	8.0	114.0	8.0	1.07895	0.0016905	0.0019484	36.3889410
2196	TCAGA	17162	34324	129.0	5.0	129.0	7.0	1.00000	0.0025017	0.0028085	53.1024292
2197	CAGAG	17162	34324	152.0	13.0	160.0	7.0	0.95000	0.0016228	0.0028658	44.8859245
2198	AGAGC	17162	34324	135.0	9.0	135.0	8.0	1.00000	0.0026607	0.0039463	66.0699798
2199	GAGCG	17162	34324	132.0	8.0	134.0	9.0	0.98507	0.0022660	0.0038190	60.8500813
2200	AGCGG	16455	32910	101.0	15.0	94.0	9.0	1.07447	0.0005621	0.0023533	29.1540199
2201	GCGGG	16455	32910	128.0	4.0	125.0	7.0	1.02400	0.0009063	0.0018197	27.2600554
2202	CGGGG	16455	32910	128.0	4.0	126.0	7.0	1.01587	0.0007905	0.0016116	24.0206960
2203	GGGGG	16455	32910	127.0	5.0	124.0	8.0	1.02419	0.0016788	0.0016698	33.4865216
2204	GGGGG	16455	32910	128.0	5.0	127.0	8.0	1.00787	0.0017414	0.0018958	36.3712982
2205	GGGGC	16455	32910	125.0	7.0	120.0	9.0	1.04167	0.0055677	0.0025919	81.5969097
2206	GGGCA	16455	32910	128.0	4.0	124.0	8.0	1.03226	0.0067428	0.0020903	88.3311675
2207	GGCAC	16455	32910	66.0	9.0	62.0	3.0	1.06452	0.0066758	0.0028671	95.4292229
2208	GCACG	16455	32910	75.0	8.0	72.0	4.0	1.04167	0.0068196	0.0040288	108.4842668
2209	CACGC	16455	32910	104.0	12.0	92.0	7.0	1.13043	0.0041120	0.0027788	68.9078546
2210	ACGCA	16340	32680	107.0	12.0	96.0	7.0	1.11458	0.0025872	0.0027196	53.0687091
2211	CGCAG	16340	32680	99.0	8.0	93.0	5.0	1.06452	0.0019744	0.0027374	47.1185658
2212	GCAGC	16340	32680	126.0	4.0	119.0	5.0	1.05882	0.0042521	0.0027702	70.2233101
2213	CAGCC	16340	32680	125.0	5.0	116.0	10.0	1.07759	0.0064380	0.0042532	106.9116260
2214	AGCCA	16340	32680	68.0	10.0	67.0	5.0	1.01493	0.0058510	0.0046087	104.5972934
2215	GCCAG	16340	32680	102.0	8.0	94.0	4.0	1.08511	0.0053101	0.0054922	108.0226997
2216	CCAGC	16340	32680	127.0	3.0	122.0	4.0	1.04098	0.0097213	0.0052983	150.1967265
2217	CAGCC	16340	32680	128.0	4.0	121.0	8.0	1.05785	0.0082798	0.0028931	111.7290099
2218	AGCCT	16340	32680	64.0	8.0	57.0	3.0	1.12281	0.0079070	0.0028906	107.9757246
2219	GCCTT	16340	32680	71.0	7.0	66.0	3.0	1.07576	0.0051935	0.0021674	73.6084842
2220	CCTTC	16241	32482	62.0	5.0	60.0	3.0	1.03333	0.0042253	0.0009304	51.5570767
2221	CTTCC	16241	32482	55.0	6.0	53.0	3.0	1.03774	0.0038380	0.0007671	46.0510684
2222	TTCCC	16241	32482	52.0	7.0	47.0	3.0	1.10638	0.0038388	0.0011566	49.9535803
2223	TCCCC	16241	32482	55.0	8.0	47.0	3.0	1.17021	0.0053205	0.0035840	89.0450668
2224	CCCCA	16241	32482	65.0	9.0	68.0	5.0	0.95588	0.0086467	0.0072273	158.7398268
2225	CCCAG	16241	32482	126.0	5.0	116.0	6.0	1.08621	0.0089377	0.0094545	183.9221435
2226	CCAGT	16241	32482	152.0	21.0	155.0	10.0	0.98065	0.0056897	0.0078705	135.6012147
2227	CAGTA	16241	32482	108.0	18.0	111.0	17.0	0.97297	0.0055640	0.0043370	99.0104730
2228	AGTAA	16241	32482	95.0	9.0	94.0	4.0	1.01064	0.0070888	0.0037420	108.3084616
2229	GTAAC	16241	32482	103.0	11.0	100.0	6.0	1.03000	0.0090687	0.0060975	151.6617132
2230	TAACG	16187	32374	84.0	9.0	74.0	5.0	1.13514	0.0121998	0.0095032	217.0290274
2231	AACGA	16187	32374	100.0	11.0	90.0	6.0	1.11111	0.0107104	0.0068247	175.3505568
2232	ACGAC	16187	32374	127.0	7.0	127.0	14.0	1.00000	0.0104427	0.0062682	167.1098031
2233	CGACG	16187	32374	73.0	8.0	72.0	4.0	1.01389	0.0064929	0.0032969	97.8977153
2234	GACGT	16187	32374	85.0	10.0	80.0	5.0	1.06250	0.0053260	0.0024563	77.8226595
2235	ACGTT	16187	32374	108.0	16.0	101.0	9.0	1.06931	0.0065964	0.0022984	88.9480164
2236	CGTTT	16187	32374	76.0	7.0	72.0	3.0	1.05556	0.0140738	0.0051974	192.7122236
2237	GTTTC	16187	32374	62.0	10.0	62.0	3.0	1.00000	0.0149676	0.0058770	208.4458549
2238	TTTCA	16187	32374	68.0	17.0	67.0	5.0	1.01493	0.0205942	0.0073494	279.4356768
2239	TTCAG	16187	32374	109.0	16.0	98.0	8.0	1.11224	0.0159365	0.0061485	220.8502478
2240	TCAGG	16165	32330	129.0	8.0	130.0	14.0	0.99231	0.0093409	0.0058850	152.2596950
2241	CAGGC	16165	32330	126.0	6.0	122.0	12.0	1.03279	0.0050077	0.0025473	75.5498703
2242	AGGCC	16165	32330	125.0	5.0	118.0	7.0	1.05932	0.0050559	0.0019707	70.2655330
2243	GGCCC	16165	32330	59.0	9.0	53.0	4.0	1.11321	0.0049382	0.0013660	63.0421508
2244	GCCCA	16165	32330	60.0	9.0	58.0	6.0	1.03448	0.0037162	0.0006596	43.7576995
2245	CCCAC	16165	32330	72.0	7.0	69.0	4.0	1.04348	0.0032493	0.0009116	41.6088389
2246	CCACT	16165	32330	85.0	7.0	83.0	5.0	1.02410	0.0031783	0.0009660	41.4431574
2247	CACTT	16165	32330	84.0	7.0	77.0	3.0	1.09091	0.0029306	0.0006617	35.9229070
2248	ACTTC	16165	32330	85.0	7.0	78.0	4.0	1.08974	0.0028984	0.0006753	35.7365286
2249	CTTCG	16165	32330	86.0	6.0	81.0	3.0	1.06173	0.0034362	0.0013449	47.8110543
2250	TTCGC	16107	32214	102.0	12.0	97.0	5.0	1.05155	0.0059784	0.0041844	101.6272205
2251	TCGCT	16107	32214	124.0	6.0	121.0	7.0	1.02479	0.0054665	0.0043512	98.1769141
2252	CGCTT	16107	32214	82.0	9.0	88.0	5.0	0.93182	0.0051186	0.0026733	77.9187489
2253	GCTTT	16107	32214	80.0	8.0	86.0	6.0	0.93023	0.0070787	0.0041162	111.9496264
2254	CTTTA	16107	32214	83.0	9.0	84.0	5.0	0.98810	0.0087993	0.0059532	147.5249960
2255	TTTAG	16107	32214	115.0	10.0	107.0	5.0	1.07477	0.0097675	0.0063032	160.7070000
2256	TTAGT	16107	32214	143.0	12.0	144.0	6.0	0.99306	0.0103245	0.0063033	166.2786666
2257	TAGTA	16107	32214	147.0	18.0	152.0	13.0	0.96711	0.0061794	0.0023234	85.0282588
2258	AGTAC	16107	32214	78.0	10.0	71.0	3.0	1.09859	0.0074421	0.0029371	103.7913624
2259	GTACG	16107	32214	83.0	13.0	77.0	5.0	1.07792	0.0088094	0.0044019	132.1129835
2260	TACGG	15969	31938	117.0	12.0	104.0	14.0	1.12500	0.0076147	0.0027705	103.8521591
2261	ACGGA	15969	31938	132.0	7.0	145.0	7.0	0.91034	0.0066156	0.0042911	109.0668509
2262	CGGAG	15969	31938	140.0	11.0	147.0	7.0	0.95238	0.0066679	0.0048537	115.2163437
2263	GGAGT	15969	31938	144.0	14.0	148.0	9.0	0.97297	0.0049604	0.0043240	92.8438818
2264	GAGTC	15969	31938	131.0	8.0	140.0	11.0	0.93571	0.0030972	0.0034530	65.5026590
2265	AGTCG	15969	31938	80.0	9.0	74.0	4.0	1.08108	0.0040177	0.0026017	66.1934618
2266	GTCGT	15969	31938	96.0	9.0	91.0	5.0	1.05495	0.0038261	0.0024302	62.5638404
2267	TCGTC	15969	31938	117.0	11.0	106.0	11.0	1.10377	0.0029183	0.0021364	50.5470351
2268	CGTCG	15969	31938	85.0	9.0	78.0	4.0	1.08974	0.0046143	0.0028208	74.3505287
2269	GTCGT	15969	31938	107.0	11.0	101.0	5.0	1.05941	0.0084161	0.0041318	125.4790622
2270	TCGTA	15948	31896	127.0	5.0	117.0	10.0	1.08547	0.0088430	0.0043536	131.9658144
2271	CGTAC	15948	31896	88.0	9.0	81.0	3.0	1.08642	0.0095714	0.0063862	159.5762106
2272	GTACT	15948	31896	87.0	6.0	88.0	4.0	0.98864	0.0072317	0.0047330	119.6468128
2273	TACTT	15948	31896	80.0	7.0	75.0	3.0	1.06667	0.0038010	0.0019260	57.2698720
2274	ACTTC	15948	31896	79.0	8.0	72.0	3.0	1.09722	0.0052371	0.0022826	75.1962646
2275	CTTCT	15948	31896	82.0	8.0	77.0	3.0	1.06494	0.0077228	0.0030231	107.4592445
2276	TTCTG	15948	31896	104.0	15.0	98.0	4.0	1.06122	0.0129829	0.0084572	214.4011683
2277	TCTGA	15948	31896	121.0	7.0	126.0	4.0	0.96032	0.0102759	0.0126903	229.6621701
2278	CTGAA	15948	31896	125.0	6.0	134.0	8.0	0.93284	0.0102313	0.0103402	205.7150357
2279	TGAAA	15948	31896	124.0	6.0	125.0	4.0	0.99200	0.0117161	0.0083454	200.6155150
2280	GAAAA	15544	31088	128.0	4.0	133.0	4.0	0.96241	0.0164292	0.0092410	247.2878541
2281	AAAAT	15544	31088	128.0	4.0	131.0	4.0	0.97710	0.0144571	0.0044361	182.0032496
2282	AAATA	15544	31088	120.0	9.0	112.0	7.0	1.07143	0.0102081	0.0035741	132.7670970
2283	AATAG	15544	31088	127.0	4.0	121.0	6.0	1.04959	0.0082402	0.0032066	110.2701278
2284	ATAGA	15544	31088	136.0	9.0	148.0	7.0	0.91892	0.0057126	0.0034069	87.8507347
2285	TAGAG	15544	31088	153.0	18.0	155.0	7.0	0.98710	0.0050534	0.0041468	88.6278305
2286	AGAGT	15544	31088	152.0	19.0	155.0	8.0	0.98065	0.0064125	0.0043784	103.9518511
2287	GAGTA	15544	31088	132.0	10.0	148.0	13.0	0.89189	0.0038961	0.0024143	60.7889358
2288	AGTAG	15544	31088	114.0	14.0	100.0	7.0	1.14000	0.0049604	0.0023626	70.5443782
2289	GTAGG	15544	31088	129.0	6.0	135.0	13.0	0.95556	0.0071964	0.0039733	107.5997365
2290	TAGGC	15231	30462	127.0	4.0	121.0	8.0	1.04959	0.0083895	0.0041676	116.7339737
2291	AGGCG	15231	30462	104.0	17.0	94.0	10.0	1.10638	0.0098519	0.0085607	171.1667386
2292	GGCGA	15231	30462	109.0	14.0	105.0	6.0	1.03810	0.0074686	0.0081801	145.4735456
2293	GCGAA	15231	30462	128.0	3.0	136.0	8.0	0.94118	0.0093075	0.0081046	161.8668395
2294	CGAAT	15231	30462	127.0	3.0	128.0	3.0	0.99219	0.0124155	0.0088108	197.3243835
2295	GAATC	15231	30462	116.0	11.0	115.0	7.0	1.00870	0.0112418	0.0067708	167.4487811
2296	AATCG	15231	30462	90.0	12.0	83.0	4.0	1.08434	0.0100284	0.0042335	132.5817925
2297	ATCGA	15231	30462	114.0	12.0	109.0	6.0	1.04587	0.0070034	0.0032986	95.7694879
2298	TCGAA	15231	30462	128.0	4.0	129.0	5.0	0.99225	0.0055340	0.0026608	76.1800574
2299	CGAAA	15231	30462	130.0	4.0	134.0	5.0	0.97015	0.0102035	0.0067226	157.3485657
2300	GAAAT	14798	29596	128.0	3.0	130.0	4.0	0.98462	0.0182054	0.0073871	226.1977970
2301	AAATC	14798	29596	119.0	9.0	113.0	19.0	1.05310	0.0187330	0.0083394	239.2776358
2302	AATCC	14798	29596	79.0	15.0	70.0	7.0	1.12857	0.0151545	0.0073342	198.7656719
2303	ATCCC	14798	29596	75.0	17.0	64.0	9.0	1.17188	0.0077759	0.0051754	114.4698257
2304	TCCCA	14798	29596	71.0	14.0	61.0	6.0	1.16393	0.0022308	0.0004867	24.0186916
2305	CCCAC	14798	29596	67.0	10.0	63.0	4.0	1.06349	0.0034314	0.0003764	33.6551486
2306	CCACC	14798	29596	70.0	8.0	66.0	3.0	1.06061	0.0059471	0.0017929	68.4097379
2307	CACCA	14798	29596	75.0	10.0	71.0	4.0	1.05634	0.0094076	0.0046264	124.0388459
2308	ACCAA	14798	29596	100.0	19.0	101.0	6.0	0.99010	0.0109430	0.0063788	153.0981728
2309	CCAAG	14798	29596	131.0	5.0	130.0	5.0	1.00769	0.0145461	0.0092833	210.6144547
2310	CAAGA	14592	29184	140.0	12.0	154.0	6.0	0.90909	0.0121652	0.0081133	174.8848523
2311	AAGAC	14592	29184	132.0	12.0	157.0	8.0	0.84076	0.0102707	0.0051531	133.0169014
2312	AGACG	14592	29184	66.0	10.0	64.0	5.0	1.03125	0.0095674	0.0030771	109.0490167
2313	GACGT	14592	29184	88.0	23.0	74.0	7.0	1.18919	0.0071861	0.0036673	93.6011599
2314	ACGTG	14592	29184	105.0	19.0	94.0	10.0	1.11702	0.0036509	0.0023107	51.4143667
2315	CGTGC	14592	29184	101.0	16.0	90.0	6.0	1.12222	0.0049258	0.0030706	68.9621093
2316	GTGCC	14592	29184	126.0	4.0	119.0	7.0	1.05882	0.0040383	0.0028518	59.4213427
2317	TGCCC	14592	29184	74.0	18.0	62.0	5.0	1.19355	0.0051415	0.0028949	69.3071108
2318	GCCCG	14592	29184	79.0	14.0	72.0	5.0	1.09722	0.0047310	0.0025082	62.4323220
2319	CCCGG	14592	29184	113.0	13.0	103.0	7.0	1.09709	0.0026377	0.0015589	36.1926419
2320	CCGGG	14505	29010	130.0	5.0	133.0	6.0	0.97744	0.0015117	0.0017348	27.7067619
2321	CGGGG	14505	29010	131.0	6.0	137.0	8.0	0.95620	0.0013992	0.0017454	26.8370232
2322	GGGGC	14505	29010	128.0	4.0	126.0	7.0	1.01587	0.0022201	0.0035896	49.5824858
2323	GGGCT	14505	29010	126.0	4.0	122.0	6.0	1.03279	0.0031663	0.0052060	71.4526777
2324	GGCTA	14505	29010	92.0	14.0	82.0	8.0	1.12195	0.0051131	0.0038161	76.2054174
2325	GCTAC	14505	29010	77.0	13.0	71.0	4.0	1.08451	0.0082046	0.0042817	106.5625235
2326	CTACA	14505	29010	86.0	11.0	81.0	4.0	1.06173	0.0098413	0.0036489	115.1298607
2327	TACAG	14505	29010	101.0	15.0	90.0	5.0	1.12222	0.0099652	0.0020733	102.7405594
2328	ACAGC	14505	29010	128.0	3.0	127.0	3.0	1.00787	0.0104869	0.0023490	109.5457758
2329	CAGCC	14505	29010	129.0	4.0	128.0	4.0	1.00781	0.0105123	0.0029677	115.0430672
2330	AGCCC	14376	28752	66.0	16.0	54.0	5.0	1.22222	0.0091653	0.0031652	103.6000266
2331	GCCCA	14376	28752	70.0	15.0	65.0	7.0	1.07692	0.0063144	0.0039935	86.6054730
2332	CCCAG	14376	28752	78.0	15.0	73.0	6.0	1.06849	0.0054248	0.0046746	84.8538239
2333	CCAGA	14376	28752	127.0	4.0	126.0	7.0	1.00794	0.0139514	0.0117367	215.8291849
2334	CAGAA	14376	28752	139.0	11.0	163.0	6.0	0.85276	0.0182942	0.0121800	256.0413008
2335	AGAAA	14376	28752	132.0	7.0	137.0	5.0	0.96350	0.0249960	0.0165773	349.2954312
2336	GAAAT	14376	28752	128.0	4.0	128.0	8.0	1.00000	0.0231746	0.0126462	300.9633784
2337	AAATG	14376	28752	102.0	20.0	92.0	10.0	1.10870	0.0147325	0.0072816	184.9599290
2338	AATGG	14376	28752	119.0	9.0	102.0	7.0	1.16667	0.0122740	0.0069247	161.3055804
2339	ATGGG	14376	28752	128.0	4.0	134.0	8.0	0.95522	0.0144459	0.0061608	173.1358057
2340	TGGGT	14280	28560	131.0	6.0	136.0	8.0	0.96324	0.0088387	0.0048160	113.3871133
2341	GGGTG	14280	28560	112.0	16.0	95.0	11.0	1.17895	0.0075702	0.0043251	98.7776678
2342	GGTGG	14280	28560	120.0	10.0	105.0	9.0	1.14286	0.0010749	0.0034467	37.5464383
2343	GTGGG	14280	28560	128.0	4.0	126.0	7.0	1.01587	0.0034949	0.0036803	59.5820636
2344	TGGGG	14280	28560	129.0	4.0	129.0	8.0	1.00000	0.0049029	0.0041139	74.8749859
2345	GGGGC	14280	28560	127.0	5.0	119.0	11.0	1.06723	0.0048626	0.0037730	71.7091140
2346	GGGCG	14280	28560	122.0	8.0	107.0	9.0	1.14019	0.0060900	0.0041742	85.2333742
2347	GGCGG	14280	28560	100.0	18.0	90.0	6.0	1.11111	0.0049567	0.0025038	61.9514478
2348	GCGGC	14280	28560	118.0	11.0	110.0	6.0	1.07273	0.0057358	0.0025458	68.7701693
2349	CGGCC	14280	28560	125.0	5.0	119.0	6.0	1.05042	0.0054876	0.0020649	62.7156382
2350	GGCCC	14153	28306	63.0	15.0	53.0	4.0	1.18868	0.0073694	0.0029547	84.4002490
2351	GCCCG	14153	28306	95.0	14.0	84.0	4.0	1.13095	0.0063713	0.0045425	89.2208048
2352	CCCGA	14153	28306	124.0	6.0	115.0	6.0	1.07826	0.0078569	0.0064266	116.7685243
2353	CCGAC	14153	28306	128.0	4.0	128.0	11.0	1.00000	0.0087004	0.0100815	153.5425603
2354	CGACT	14153	28306	90.0	14.0	87.0	4.0	1.03448	0.0096900	0.0070663	136.9838983
2355	GACTT	14153	28306	92.0	20.0	81.0	7.0	1.13580	0.0085862	0.0085154	139.8064913
2356	ACTTG	14153	28306	114.0	14.0	92.0	6.0	1.23913	0.0072118	0.0064060	111.3268418
2357	CTTGA	14153	28306	126.0	5.0	119.0	7.0	1.05882	0.0044604	0.0038969	68.3216643
2358	TTGAG	14153	28306	128.0	4.0	127.0	10.0	1.00787	0.0022249	0.0039236	50.2645991
2359	TGAGG	14153	28306	128.0	4.0	128.0	12.0	1.00000	0.0015572	0.0030759	37.8751451
2360	GAGGC	12143	24286	128.0	4.0	122.0	11.0	1.04918	0.0073390	0.0046298	74.8294391
2361	AGGCA	12143	24286	128.0	3.0	126.0	6.0	1.01587	0.0130850	0.0053556	115.2920193
2362	GGCAC	12143	24286	82.0	27.0	66.0	3.0	1.24242	0.0177898	0.0051554	143.4546508
2363	GCACA	12143	24286	81.0	21.0	67.0	4.0	1.20896	0.0154413	0.0036434	119.3192123
2364	CACAT	12143	24286	85.0	14.0	77.0	3.0	1.10390	0.0113057	0.0023589	85.4321930
2365	ACATG	12143	24286	83.0	14.0	75.0	3.0	1.10667	0.0071488	0.0030182	63.5645542
2366	CATGT	12143	24286	110.0	16.0	98.0	5.0	1.12245	0.0059805	0.0040047	62.4281354
2367	ATGTT	12143	24286	123.0	8.0	106.0	8.0	1.16038	0.0078324	0.0061806	87.6105199
2368	TGTTA	12143	24286	100.0	22.0	79.0	3.0	1.26582	0.0094439	0.0098280	120.4895123
2369	GTTAT	12143	24286	104.0	20.0	95.0	4.0	1.09474	0.0102717	0.0089591	120.2320556
2370	TTATC	3660	7320	104.0	20.0	99.0	5.0	1.05051	0.0176997	0.0291841	35.9052234
2371	TATCG	3660	7320	94.0	19.0	80.0	3.0	1.17500	0.0257232	0.0162985	32.1815913
2372	ATCGC	3660	7320	106.0	19.0	95.0	5.0	1.11579	0.0211064	0.0209080	32.1760271
2373	TCGCT	3660	7320	125.0	5.0	117.0	6.0	1.06838	0.0203962	0.0155281	27.5120915
2374	CGCTA	3660	7320	99.0	25.0	81.0	4.0	1.22222	0.0338394	0.0151204	37.4950673
2375	GCTAT	3660	7320	105.0	20.0	91.0	6.0	1.15385	0.0182961	0.0173730	27.3166369
2376	CTATG	3660	7320	102.0	26.0	76.0	4.0	1.34211	0.0384116	0.0406925	60.5806107
2377	TATGA	3660	7320	124.0	7.0	107.0	6.0	1.15888	0.0567272	0.0393838	73.6050555
2378	ATGAG	3660	7320	128.0	3.0	134.0	13.0	0.95522	0.0465972	0.0353025	62.7215933
2379	TGAGT	3660	7320	132.0	9.0	158.0	9.0	0.83544	0.0673189	0.0294175	74.0840087
2380	GAGTA	0	0	0	0	0	0	0	0	0	0
2381	AGTAC	0	0	0	0	0	0	0	0	0	0
2382	GTACC	0	0	0	0	0	0	0	0	0	0
2383	TACCG	0	0	0	0	0	0	0	0	0	0
2384	ACCGA	0	0	0	0	0	0	0	0	0	0
2385	CCGAA	0	0	0	0	0	0	0	0	0	0
2386	CGAAG	0	0	0	0	0	0	0	0	0	0
2387	GAAGA	0	0	0	0	0	0	0	0	0	0
2388	AAGAT	0	0	0	0	0	0	0	0	0	0
2389	AGATG	0	0	0	0	0	0	0	0	0	0
2390	GATGA	0	0	0	0	0	0	0	0	0	0
2391	ATGAG	0	0	0	0	0	0	0	0	0	0
2392	TGAGA	0	0	0	0	0	0	0	0	0	0
2393	GAGAG	0	0	0	0	0	0	0	0	0	0
2394	AGAGG	0	0	0	0	0	0	0	0	0	0
2395	GAGGA	0	0	0	0	0	0	0	0	0	0
2396	AGGAT	0	0	0	0	0	0	0	0	0	0
2397	GGATG	0	0	0	0	0	0	0	0	0	0
2398	GATGA	0	0	0	0	0	0	0	0	0	0
2399	ATGAC	0	0	0	0	0	0	0	0	0	0
2400	TGACA	0	0	0	0	0	0	0	0	0	0
2401	GACAT	0	0	0	0	0	0	0	0	0	0
2402	ACATA	0	0	0	0	0	0	0	0	0	0
2403	CATAC	0	0	0	0	0	0	0	0	0	0
